EPSG:7843
100_0008_0001.JPG 143.67059983 -38.75467776 102.193
100_0008_0002.JPG 143.67096498 -38.75477286 101.834
100_0008_0003.JPG 143.67129287 -38.75484905 101.065
100_0008_0004.JPG 143.67152533 -38.75490894 100.863
100_0008_0005.JPG 143.67169888 -38.75516366 100.170
100_0008_0006.JPG 143.67177113 -38.75537971 100.780
100_0008_0007.JPG 143.67143238 -38.75528350 100.418
100_0008_0008.JPG 143.67109061 -38.75522096 100.779
100_0008_0009.JPG 143.67077088 -38.75514491 100.707
100_0008_0010.JPG 143.67043610 -38.75507769 101.304
100_0008_0011.JPG 143.67010420 -38.75499960 101.729
100_0008_0012.JPG 143.67005282 -38.75499561 102.244
100_0008_0013.JPG 143.67014596 -38.75528643 101.185
100_0008_0014.JPG 143.67019616 -38.75544544 101.592
100_0008_0015.JPG 143.67056059 -38.75552709 100.986
100_0008_0016.JPG 143.67088691 -38.75560194 100.945
100_0008_0017.JPG 143.67121671 -38.75567681 101.108
100_0008_0018.JPG 143.67154635 -38.75575246 101.153
100_0008_0019.JPG 143.67187729 -38.75582869 101.259
100_0008_0020.JPG 143.67204211 -38.75587081 101.249
100_0008_0021.JPG 143.67218182 -38.75612270 100.758
100_0008_0022.JPG 143.67245778 -38.75630880 100.649
100_0008_0023.JPG 143.67260251 -38.75641174 100.693
100_0008_0024.JPG 143.67225772 -38.75631759 99.972
100_0008_0025.JPG 143.67191917 -38.75624601 100.411
100_0008_0026.JPG 143.67158751 -38.75617407 101.049
100_0008_0027.JPG 143.67125064 -38.75610101 101.558
100_0008_0028.JPG 143.67091217 -38.75602743 101.859
100_0008_0029.JPG 143.67059145 -38.75595221 101.596
100_0008_0030.JPG 143.67032517 -38.75589963 101.811
100_0008_0031.JPG 143.67044338 -38.75617920 100.638
100_0008_0032.JPG 143.67050530 -38.75635804 101.202
100_0008_0033.JPG 143.67086992 -38.75643893 100.674
100_0008_0034.JPG 143.67119944 -38.75651290 100.738
100_0008_0035.JPG 143.67152669 -38.75658744 100.605
100_0008_0036.JPG 143.67185508 -38.75666194 100.614
100_0008_0037.JPG 143.67218784 -38.75673803 100.429
100_0008_0038.JPG 143.67251451 -38.75681264 100.238
100_0008_0039.JPG 143.67284283 -38.75688877 100.261
100_0008_0040.JPG 143.67317447 -38.75696529 100.250
100_0008_0041.JPG 143.67350407 -38.75704088 100.158
100_0008_0042.JPG 143.67383526 -38.75711711 100.124
100_0008_0043.JPG 143.67416545 -38.75719348 100.154
100_0008_0044.JPG 143.67448642 -38.75726719 100.207
100_0008_0045.JPG 143.67455031 -38.75728658 100.112
100_0008_0046.JPG 143.67457795 -38.75757535 100.026
100_0008_0047.JPG 143.67453192 -38.75769759 100.923
100_0008_0048.JPG 143.67419967 -38.75759293 100.203
100_0008_0049.JPG 143.67386132 -38.75753183 100.949
100_0008_0050.JPG 143.67353863 -38.75745432 100.695
100_0008_0051.JPG 143.67320309 -38.75738866 100.853
100_0008_0052.JPG 143.67287436 -38.75731058 101.087
100_0008_0053.JPG 143.67255169 -38.75722772 100.771
100_0008_0054.JPG 143.67220459 -38.75715476 100.956
100_0008_0055.JPG 143.67186274 -38.75708691 101.119
100_0008_0056.JPG 143.67153112 -38.75700894 101.178
100_0008_0057.JPG 143.67120369 -38.75693313 101.593
100_0008_0058.JPG 143.67088546 -38.75685526 101.803
100_0008_0059.JPG 143.67078888 -38.75684826 102.596
100_0008_0060.JPG 143.67096875 -38.75710899 101.165
100_0008_0061.JPG 143.67108413 -38.75732963 101.188
100_0008_0062.JPG 143.67144586 -38.75741272 100.436
100_0008_0063.JPG 143.67177207 -38.75748692 100.172
100_0008_0064.JPG 143.67210298 -38.75756250 100.254
100_0008_0065.JPG 143.67243278 -38.75763768 100.504
100_0008_0066.JPG 143.67276147 -38.75771280 100.344
100_0008_0067.JPG 143.67309132 -38.75778883 100.170
100_0008_0068.JPG 143.67341764 -38.75786281 100.105
100_0008_0069.JPG 143.67375198 -38.75793949 99.934
100_0008_0070.JPG 143.67408000 -38.75801499 99.919
100_0008_0071.JPG 143.67440557 -38.75809064 99.969
100_0008_0072.JPG 143.67452163 -38.75812133 99.983
100_0008_0073.JPG 143.67445720 -38.75840453 99.934
100_0008_0074.JPG 143.67435691 -38.75850060 100.675
100_0008_0075.JPG 143.67401730 -38.75840050 100.317
100_0008_0076.JPG 143.67368896 -38.75832072 100.279
100_0008_0077.JPG 143.67335863 -38.75824917 100.666
100_0008_0078.JPG 143.67301279 -38.75817959 100.537
100_0008_0079.JPG 143.67267726 -38.75810805 101.202
100_0008_0080.JPG 143.67239643 -38.75805201 101.697
100_0008_0081.JPG 143.67276726 -38.75814289 100.631
100_0008_0082.JPG 143.67308979 -38.75822300 100.588
100_0008_0083.JPG 143.67342055 -38.75830482 100.329
100_0008_0084.JPG 143.67374630 -38.75838508 100.227
100_0008_0085.JPG 143.67407149 -38.75846842 100.227
100_0008_0086.JPG 143.67419383 -38.75849230 100.496
100_0008_0087.JPG 143.67430784 -38.75820339 100.155
100_0008_0088.JPG 143.67440566 -38.75794880 100.014
100_0008_0089.JPG 143.67450111 -38.75769348 100.172
100_0008_0090.JPG 143.67453647 -38.75758980 100.354
100_0008_0091.JPG 143.67438698 -38.75732585 99.669
100_0008_0092.JPG 143.67422272 -38.75709337 100.287
100_0008_0093.JPG 143.67420170 -38.75706900 100.087
100_0008_0094.JPG 143.67412797 -38.75734727 99.784
100_0008_0095.JPG 143.67401704 -38.75760806 100.767
100_0008_0096.JPG 143.67391256 -38.75786521 101.381
100_0008_0097.JPG 143.67382102 -38.75812092 101.571
100_0008_0098.JPG 143.67372589 -38.75838204 101.720
100_0008_0099.JPG 143.67365618 -38.75849405 101.898
100_0008_0100.JPG 143.67331926 -38.75840994 100.018
100_0008_0101.JPG 143.67316393 -38.75837944 100.455
100_0008_0102.JPG 143.67327789 -38.75809864 99.811
100_0008_0103.JPG 143.67337204 -38.75783749 100.322
100_0008_0104.JPG 143.67346833 -38.75757965 100.642
100_0008_0105.JPG 143.67356485 -38.75732097 100.881
100_0008_0106.JPG 143.67365869 -38.75706591 100.843
100_0008_0107.JPG 143.67368473 -38.75699147 100.384
100_0008_0108.JPG 143.67334413 -38.75694129 99.686
100_0008_0109.JPG 143.67320562 -38.75684519 99.867
100_0008_0110.JPG 143.67312314 -38.75712931 99.690
100_0008_0111.JPG 143.67300848 -38.75739127 100.041
100_0008_0112.JPG 143.67290783 -38.75764853 100.708
100_0008_0113.JPG 143.67280869 -38.75790525 101.290
100_0008_0114.JPG 143.67271248 -38.75815202 101.772
100_0008_0115.JPG 143.67269243 -38.75817988 101.652
100_0008_0116.JPG 143.67239274 -38.75803160 99.835
100_0008_0117.JPG 143.67224131 -38.75797380 100.340
100_0008_0118.JPG 143.67234885 -38.75769306 99.668
100_0008_0119.JPG 143.67244830 -38.75743450 99.758
100_0008_0120.JPG 143.67254633 -38.75717594 99.639
100_0008_0121.JPG 143.67264407 -38.75692129 99.645
100_0008_0122.JPG 143.67273949 -38.75666158 99.990
100_0008_0123.JPG 143.67278344 -38.75653954 99.862
100_0008_0124.JPG 143.67254193 -38.75632812 99.267
100_0008_0125.JPG 143.67236173 -38.75624902 100.218
100_0008_0126.JPG 143.67229191 -38.75652945 99.931
100_0008_0127.JPG 143.67217844 -38.75678651 100.369
100_0008_0128.JPG 143.67208897 -38.75704783 100.674
100_0008_0129.JPG 143.67198556 -38.75730561 101.342
100_0008_0130.JPG 143.67187862 -38.75756394 101.561
100_0008_0131.JPG 143.67177911 -38.75775830 102.043
100_0008_0132.JPG 143.67151680 -38.75756391 100.406
100_0008_0133.JPG 143.67135217 -38.75748746 100.751
100_0008_0134.JPG 143.67145672 -38.75720590 100.166
100_0008_0135.JPG 143.67155059 -38.75694819 100.307
100_0008_0136.JPG 143.67164745 -38.75669161 100.337
100_0008_0137.JPG 143.67174278 -38.75643395 100.355
100_0008_0138.JPG 143.67184271 -38.75617739 100.534
100_0008_0139.JPG 143.67194155 -38.75591772 100.513
100_0008_0140.JPG 143.67199040 -38.75578045 100.372
100_0008_0141.JPG 143.67186887 -38.75551042 99.816
100_0008_0142.JPG 143.67172085 -38.75526801 100.236
100_0008_0143.JPG 143.67167609 -38.75521115 100.473
100_0008_0144.JPG 143.67161262 -38.75549336 100.057
100_0008_0145.JPG 143.67150151 -38.75574831 100.713
100_0008_0146.JPG 143.67137940 -38.75600945 101.506
100_0008_0147.JPG 143.67127508 -38.75626688 101.894
100_0008_0148.JPG 143.67117612 -38.75652430 101.680
100_0008_0149.JPG 143.67107737 -38.75678474 101.933
100_0008_0150.JPG 143.67098453 -38.75703849 101.961
100_0008_0151.JPG 143.67094919 -38.75711528 101.691
100_0008_0152.JPG 143.67080672 -38.75684541 100.570
100_0008_0153.JPG 143.67064919 -38.75660597 101.206
100_0008_0154.JPG 143.67062472 -38.75655556 101.193
100_0008_0155.JPG 143.67073383 -38.75627573 100.100
100_0008_0156.JPG 143.67082947 -38.75601705 99.960
100_0008_0157.JPG 143.67092492 -38.75576048 99.944
100_0008_0158.JPG 143.67102050 -38.75550080 100.343
100_0008_0159.JPG 143.67111824 -38.75524616 100.367
100_0008_0160.JPG 143.67121512 -38.75498989 100.190
100_0008_0161.JPG 143.67131205 -38.75473432 100.145
100_0008_0162.JPG 143.67134119 -38.75464948 99.867
100_0008_0163.JPG 143.67097820 -38.75467140 99.494
100_0008_0164.JPG 143.67078732 -38.75468769 100.330
100_0008_0165.JPG 143.67072234 -38.75496385 99.280
100_0008_0166.JPG 143.67060521 -38.75522234 100.059
100_0008_0167.JPG 143.67049463 -38.75548553 100.840
100_0008_0168.JPG 143.67039623 -38.75574098 101.118
100_0008_0169.JPG 143.67032702 -38.75590862 100.943
100_0008_0170.JPG 143.67025863 -38.75562208 99.497
100_0008_0171.JPG 143.67015652 -38.75535774 100.304
100_0008_0172.JPG 143.67008378 -38.75511696 101.010
100_0008_0173.JPG 143.67019451 -38.75484238 100.368
100_0009_0001.JPG 143.67168182 -38.75040868 101.330
100_0009_0002.JPG 143.67163597 -38.75035764 101.374
100_0009_0003.JPG 143.67128218 -38.75030364 100.835
100_0009_0004.JPG 143.67093976 -38.75024601 101.257
100_0009_0005.JPG 143.67088472 -38.75024146 101.402
100_0009_0006.JPG 143.67111209 -38.75047931 100.685
100_0009_0007.JPG 143.67131882 -38.75069500 101.300
100_0009_0008.JPG 143.67151660 -38.75090138 102.328
100_0009_0009.JPG 143.67153128 -38.75092207 102.403
100_0009_0010.JPG 143.67145093 -38.75120276 101.700
100_0009_0011.JPG 143.67137707 -38.75141881 101.975
100_0009_0012.JPG 143.67116681 -38.75118174 101.241
100_0009_0013.JPG 143.67094395 -38.75096844 101.799
100_0009_0014.JPG 143.67073531 -38.75075453 102.582
100_0009_0015.JPG 143.67053041 -38.75054419 102.719
100_0009_0016.JPG 143.67032047 -38.75032699 102.726
100_0009_0017.JPG 143.67021295 -38.75022574 103.069
100_0009_0018.JPG 143.67014588 -38.75050351 101.519
100_0009_0019.JPG 143.67005414 -38.75072105 102.430
100_0009_0020.JPG 143.67027912 -38.75095093 101.517
100_0009_0021.JPG 143.67048139 -38.75116096 101.520
100_0009_0022.JPG 143.67069284 -38.75137489 101.622
100_0009_0023.JPG 143.67089930 -38.75159140 102.148
100_0009_0024.JPG 143.67110910 -38.75180509 102.498
100_0009_0025.JPG 143.67123623 -38.75193970 102.381
100_0009_0026.JPG 143.67117879 -38.75221883 101.999
100_0009_0027.JPG 143.67114349 -38.75229120 102.335
100_0009_0028.JPG 143.67115050 -38.75251540 102.380
100_0009_0029.JPG 143.67095029 -38.75227640 101.458
100_0009_0030.JPG 143.67073562 -38.75206602 102.158
100_0009_0031.JPG 143.67052143 -38.75185548 102.995
100_0009_0032.JPG 143.67030838 -38.75163989 103.594
100_0009_0033.JPG 143.67009787 -38.75142887 103.760
100_0009_0034.JPG 143.66989170 -38.75122267 103.972
100_0009_0035.JPG 143.66987902 -38.75121703 103.745
100_0009_0036.JPG 143.66986815 -38.75150403 102.146
100_0009_0037.JPG 143.66979570 -38.75176481 103.026
100_0009_0038.JPG 143.66979335 -38.75179083 103.280
100_0009_0039.JPG 143.67001942 -38.75201992 102.607
100_0009_0040.JPG 143.67022477 -38.75223324 102.650
100_0009_0041.JPG 143.67043196 -38.75244633 102.956
100_0009_0042.JPG 143.67064140 -38.75266011 102.891
100_0009_0043.JPG 143.67084792 -38.75287493 102.609
100_0009_0044.JPG 143.67105576 -38.75308655 102.174
100_0009_0045.JPG 143.67123124 -38.75326723 101.657
100_0009_0046.JPG 143.67132185 -38.75353811 101.148
100_0009_0047.JPG 143.67133870 -38.75366030 101.446
100_0009_0048.JPG 143.67134227 -38.75392592 102.421
100_0009_0049.JPG 143.67130849 -38.75400511 102.839
100_0009_0050.JPG 143.67111589 -38.75376640 101.564
100_0009_0051.JPG 143.67088960 -38.75356130 102.214
100_0009_0052.JPG 143.67067886 -38.75334831 102.759
100_0009_0053.JPG 143.67045988 -38.75313579 103.182
100_0009_0054.JPG 143.67025645 -38.75292362 103.088
100_0009_0055.JPG 143.67004850 -38.75270998 103.419
100_0009_0056.JPG 143.66982966 -38.75249179 103.664
100_0009_0057.JPG 143.66969069 -38.75236296 103.799
100_0009_0058.JPG 143.66969861 -38.75265540 102.230
100_0009_0059.JPG 143.66970186 -38.75292336 102.232
100_0009_0060.JPG 143.66970960 -38.75303474 102.195
100_0009_0061.JPG 143.66993530 -38.75326359 101.233
100_0009_0062.JPG 143.67013915 -38.75347466 101.056
100_0009_0063.JPG 143.67034582 -38.75368888 101.466
100_0009_0064.JPG 143.67055404 -38.75390299 101.730
100_0009_0065.JPG 143.67076069 -38.75411744 102.100
100_0009_0066.JPG 143.67096866 -38.75433012 102.296
100_0009_0067.JPG 143.67117685 -38.75454186 102.295
100_0009_0068.JPG 143.67137090 -38.75473907 101.683
100_0009_0069.JPG 143.67136175 -38.75474563 101.377
100_0009_0070.JPG 143.67101179 -38.75481165 101.375
100_0009_0071.JPG 143.67080954 -38.75483534 102.072
100_0009_0072.JPG 143.67060411 -38.75460296 100.674
100_0009_0073.JPG 143.67038468 -38.75438982 100.873
100_0009_0074.JPG 143.67017468 -38.75417555 101.714
100_0009_0075.JPG 143.66996711 -38.75396229 102.529
100_0009_0076.JPG 143.66978003 -38.75377308 102.258
100_0009_0077.JPG 143.66982911 -38.75406535 101.507
100_0009_0078.JPG 143.66987510 -38.75432995 101.957
100_0009_0079.JPG 143.66991588 -38.75458438 102.635
100_0009_0080.JPG 143.66995273 -38.75461553 102.766
100_0009_0081.JPG 143.67014475 -38.75481518 102.212
100_0009_0082.JPG 143.67025934 -38.75493686 102.105
100_0009_0083.JPG 143.67023260 -38.75493770 101.755
100_0009_0084.JPG 143.67053938 -38.75476219 102.066
100_0009_0085.JPG 143.67080770 -38.75460193 101.820
100_0009_0086.JPG 143.67108033 -38.75443878 101.765
100_0009_0087.JPG 143.67133678 -38.75428504 101.815
100_0009_0088.JPG 143.67134059 -38.75426327 101.788
100_0009_0089.JPG 143.67130563 -38.75398531 101.463
100_0009_0090.JPG 143.67127730 -38.75382152 101.470
100_0009_0091.JPG 143.67099973 -38.75400240 101.095
100_0009_0092.JPG 143.67071494 -38.75416092 101.996
100_0009_0093.JPG 143.67044145 -38.75432339 102.496
100_0009_0094.JPG 143.67015537 -38.75448556 103.164
100_0009_0095.JPG 143.66991891 -38.75461395 103.985
100_0009_0096.JPG 143.66988212 -38.75432673 102.084
100_0009_0097.JPG 143.66985062 -38.75415521 101.839
100_0009_0098.JPG 143.67014955 -38.75397907 101.529
100_0009_0099.JPG 143.67041944 -38.75381808 101.525
100_0009_0100.JPG 143.67069319 -38.75365767 101.429
100_0009_0101.JPG 143.67096724 -38.75349610 101.116
100_0009_0102.JPG 143.67123174 -38.75334268 101.025
100_0009_0103.JPG 143.67123960 -38.75332224 100.844
100_0009_0104.JPG 143.67122811 -38.75304968 100.271
100_0009_0105.JPG 143.67117877 -38.75286865 101.340
100_0009_0106.JPG 143.67092008 -38.75305898 100.578
100_0009_0107.JPG 143.67063535 -38.75321252 102.039
100_0009_0108.JPG 143.67035634 -38.75337369 102.633
100_0009_0109.JPG 143.67008347 -38.75353900 102.580
100_0009_0110.JPG 143.66980182 -38.75369126 102.869
100_0009_0111.JPG 143.66976401 -38.75370012 103.197
100_0009_0112.JPG 143.66974241 -38.75340647 101.811
100_0009_0113.JPG 143.66972456 -38.75321790 102.149
100_0009_0114.JPG 143.67002369 -38.75304109 101.455
100_0009_0115.JPG 143.67029617 -38.75288141 101.205
100_0009_0116.JPG 143.67057065 -38.75272075 101.034
100_0009_0117.JPG 143.67084702 -38.75255699 100.937
100_0009_0118.JPG 143.67111274 -38.75239867 101.572
100_0009_0119.JPG 143.67114313 -38.75237702 101.711
100_0009_0120.JPG 143.67113175 -38.75225427 101.556
100_0009_0121.JPG 143.67122296 -38.75198240 101.644
100_0009_0122.JPG 143.67127272 -38.75180529 101.372
100_0009_0123.JPG 143.67100765 -38.75199564 101.245
100_0009_0124.JPG 143.67073170 -38.75215438 102.249
100_0009_0125.JPG 143.67044002 -38.75231567 102.938
100_0009_0126.JPG 143.67017459 -38.75247649 102.898
100_0009_0127.JPG 143.66990933 -38.75264237 102.742
100_0009_0128.JPG 143.66968740 -38.75273588 103.103
100_0009_0129.JPG 143.66970564 -38.75244061 102.394
100_0009_0130.JPG 143.66973103 -38.75220885 102.122
100_0009_0131.JPG 143.67002537 -38.75203305 101.158
100_0009_0132.JPG 143.67029534 -38.75187296 100.934
100_0009_0133.JPG 143.67057038 -38.75171027 100.743
100_0009_0134.JPG 143.67084641 -38.75154681 100.737
100_0009_0135.JPG 143.67111780 -38.75138506 100.645
100_0009_0136.JPG 143.67138699 -38.75122416 100.753
100_0009_0137.JPG 143.67145740 -38.75117782 100.752
100_0009_0138.JPG 143.67153538 -38.75089560 100.985
100_0009_0139.JPG 143.67161281 -38.75063801 101.681
100_0009_0140.JPG 143.67162921 -38.75058077 101.213
100_0009_0141.JPG 143.67133702 -38.75075313 101.076
100_0009_0142.JPG 143.67105678 -38.75092024 101.956
100_0009_0143.JPG 143.67078010 -38.75108488 102.075
100_0009_0144.JPG 143.67050326 -38.75124344 102.351
100_0009_0145.JPG 143.67023130 -38.75140445 102.203
100_0009_0146.JPG 143.66996362 -38.75156733 102.555
100_0009_0147.JPG 143.66980802 -38.75164673 102.961
100_0009_0148.JPG 143.66986481 -38.75135293 101.887
100_0009_0149.JPG 143.66991317 -38.75109829 101.882
100_0009_0150.JPG 143.66992522 -38.75107360 101.743
100_0009_0151.JPG 143.67022507 -38.75089945 101.386
100_0009_0152.JPG 143.67049254 -38.75074193 101.174
100_0009_0153.JPG 143.67076922 -38.75058032 101.041
100_0009_0154.JPG 143.67104213 -38.75041723 101.499
100_0009_0155.JPG 143.67123986 -38.75029934 102.128
100_0009_0156.JPG 143.67087237 -38.75023362 101.216
100_0009_0157.JPG 143.67056524 -38.75019089 101.526
100_0009_0158.JPG 143.67028603 -38.75037384 101.177
100_0010_0001.JPG 143.67307039 -38.74508588 102.443
100_0010_0002.JPG 143.67274197 -38.74520858 101.489
100_0010_0003.JPG 143.67261577 -38.74525748 101.975
100_0010_0004.JPG 143.67247180 -38.74550636 101.171
100_0010_0005.JPG 143.67232929 -38.74568309 101.591
100_0010_0006.JPG 143.67220696 -38.74585238 102.122
100_0010_0007.JPG 143.67255176 -38.74572230 101.875
100_0010_0008.JPG 143.67285829 -38.74560772 101.722
100_0010_0009.JPG 143.67317056 -38.74549043 101.853
100_0010_0010.JPG 143.67348068 -38.74537367 101.957
100_0010_0011.JPG 143.67356183 -38.74534928 101.996
100_0010_0012.JPG 143.67366242 -38.74563803 101.841
100_0010_0013.JPG 143.67368998 -38.74574672 102.310
100_0010_0014.JPG 143.67336661 -38.74587371 101.713
100_0010_0015.JPG 143.67304034 -38.74598984 102.452
100_0010_0016.JPG 143.67272802 -38.74610438 103.263
100_0010_0017.JPG 143.67241610 -38.74622024 104.115
100_0010_0018.JPG 143.67211138 -38.74633668 104.027
100_0010_0019.JPG 143.67180241 -38.74644855 104.188
100_0010_0020.JPG 143.67175220 -38.74647064 104.375
100_0010_0021.JPG 143.67159694 -38.74672543 102.598
100_0010_0022.JPG 143.67141785 -38.74695728 102.180
100_0010_0023.JPG 143.67134047 -38.74706967 102.994
100_0010_0024.JPG 143.67168159 -38.74694093 102.389
100_0010_0025.JPG 143.67199199 -38.74682758 101.939
100_0010_0026.JPG 143.67230031 -38.74671129 101.966
100_0010_0027.JPG 143.67261153 -38.74659510 102.111
100_0010_0028.JPG 143.67291938 -38.74647992 102.151
100_0010_0029.JPG 143.67321575 -38.74636974 102.151
100_0010_0030.JPG 143.67324189 -38.74636324 102.142
100_0010_0031.JPG 143.67309472 -38.74662794 101.485
100_0010_0032.JPG 143.67290325 -38.74685643 102.349
100_0010_0033.JPG 143.67284735 -38.74692826 102.693
100_0010_0034.JPG 143.67279888 -38.74698241 102.702
100_0010_0035.JPG 143.67249708 -38.74711545 102.330
100_0010_0036.JPG 143.67217416 -38.74721988 103.510
100_0010_0037.JPG 143.67185525 -38.74733163 103.976
100_0010_0038.JPG 143.67153257 -38.74744807 104.348
100_0010_0039.JPG 143.67122251 -38.74756094 104.748
100_0010_0040.JPG 143.67102328 -38.74763730 104.612
100_0010_0041.JPG 143.67092414 -38.74791249 103.140
100_0010_0042.JPG 143.67082246 -38.74814873 103.127
100_0010_0043.JPG 143.67083589 -38.74814814 103.068
100_0010_0044.JPG 143.67117364 -38.74802157 102.749
100_0010_0045.JPG 143.67148042 -38.74790855 102.712
100_0010_0046.JPG 143.67178967 -38.74779406 102.695
100_0010_0047.JPG 143.67209861 -38.74767876 102.730
100_0010_0048.JPG 143.67238653 -38.74757153 102.755
100_0010_0049.JPG 143.67238627 -38.74757848 102.587
100_0010_0050.JPG 143.67221153 -38.74783599 102.302
100_0010_0051.JPG 143.67215304 -38.74792100 102.704
100_0010_0052.JPG 143.67209242 -38.74812837 102.569
100_0010_0053.JPG 143.67176437 -38.74825539 101.832
100_0010_0054.JPG 143.67144786 -38.74836738 102.411
100_0010_0055.JPG 143.67114132 -38.74848217 102.965
100_0010_0056.JPG 143.67082897 -38.74859874 103.453
100_0010_0057.JPG 143.67068116 -38.74865668 103.811
100_0010_0058.JPG 143.67061797 -38.74894037 102.162
100_0010_0059.JPG 143.67056693 -38.74914127 102.119
100_0010_0060.JPG 143.67090796 -38.74901511 102.078
100_0010_0061.JPG 143.67121447 -38.74890158 102.089
100_0010_0062.JPG 143.67152719 -38.74878402 102.060
100_0010_0063.JPG 143.67183436 -38.74867040 102.014
100_0010_0064.JPG 143.67195257 -38.74863035 102.183
100_0010_0065.JPG 143.67187932 -38.74891976 101.219
100_0010_0066.JPG 143.67180736 -38.74913025 101.986
100_0010_0067.JPG 143.67148375 -38.74926168 101.924
100_0010_0068.JPG 143.67116745 -38.74937326 102.482
100_0010_0069.JPG 143.67085670 -38.74948533 102.969
100_0010_0070.JPG 143.67055258 -38.74959929 103.352
100_0010_0071.JPG 143.67041134 -38.74965085 103.368
100_0010_0072.JPG 143.67036463 -38.74993145 102.149
100_0010_0073.JPG 143.67029374 -38.75013453 102.791
100_0010_0074.JPG 143.67063847 -38.75000622 102.531
100_0010_0075.JPG 143.67094504 -38.74989255 102.517
100_0010_0076.JPG 143.67125875 -38.74977659 102.341
100_0010_0077.JPG 143.67156762 -38.74966334 102.064
100_0010_0078.JPG 143.67166384 -38.74963258 101.663
100_0010_0079.JPG 143.67159166 -38.74991914 101.609
100_0010_0080.JPG 143.67150873 -38.75013114 102.470
100_0010_0081.JPG 143.67118430 -38.75025687 101.763
100_0010_0082.JPG 143.67099834 -38.75031338 101.747
100_0010_0083.JPG 143.67064928 -38.75025966 100.943
100_0010_0084.JPG 143.67057374 -38.75024650 101.024
100_0010_0085.JPG 143.67042097 -38.74998380 100.871
100_0010_0086.JPG 143.67035490 -38.74987344 101.219
100_0010_0087.JPG 143.67043210 -38.74959125 101.168
100_0010_0088.JPG 143.67050161 -38.74933041 101.546
100_0010_0089.JPG 143.67053297 -38.74924162 101.698
100_0010_0090.JPG 143.67069874 -38.74951028 101.554
100_0010_0091.JPG 143.67084465 -38.74974877 101.689
100_0010_0092.JPG 143.67099167 -38.74999175 102.154
100_0010_0093.JPG 143.67113829 -38.75023017 102.157
100_0010_0094.JPG 143.67120857 -38.75033503 102.371
100_0010_0095.JPG 143.67144419 -38.75009849 102.239
100_0010_0096.JPG 143.67155613 -38.74997785 102.023
100_0010_0097.JPG 143.67139483 -38.74971334 101.672
100_0010_0098.JPG 143.67124750 -38.74947535 101.617
100_0010_0099.JPG 143.67109750 -38.74923254 102.034
100_0010_0100.JPG 143.67095002 -38.74899102 102.473
100_0010_0101.JPG 143.67079971 -38.74875072 102.552
100_0010_0102.JPG 143.67069656 -38.74857916 102.780
100_0010_0103.JPG 143.67078194 -38.74829739 101.638
100_0010_0104.JPG 143.67085356 -38.74803763 101.674
100_0010_0105.JPG 143.67088324 -38.74794921 101.626
100_0010_0106.JPG 143.67104621 -38.74821305 101.482
100_0010_0107.JPG 143.67119294 -38.74845264 101.684
100_0010_0108.JPG 143.67134039 -38.74869498 101.927
100_0010_0109.JPG 143.67148807 -38.74893601 102.466
100_0010_0110.JPG 143.67163754 -38.74917914 102.604
100_0010_0111.JPG 143.67174196 -38.74934306 102.465
100_0010_0112.JPG 143.67183087 -38.74905213 101.999
100_0010_0113.JPG 143.67190545 -38.74879156 102.321
100_0010_0114.JPG 143.67192507 -38.74870432 102.443
100_0010_0115.JPG 143.67177291 -38.74844531 101.693
100_0010_0116.JPG 143.67161604 -38.74820497 101.890
100_0010_0117.JPG 143.67146437 -38.74796164 102.237
100_0010_0118.JPG 143.67131647 -38.74772098 102.831
100_0010_0119.JPG 143.67116996 -38.74747913 102.727
100_0010_0120.JPG 143.67113807 -38.74741879 102.969
100_0010_0121.JPG 143.67129842 -38.74715498 102.200
100_0010_0122.JPG 143.67141988 -38.74695817 102.308
100_0010_0123.JPG 143.67158610 -38.74722436 101.993
100_0010_0124.JPG 143.67173235 -38.74746178 102.172
100_0010_0125.JPG 143.67187814 -38.74770300 102.371
100_0010_0126.JPG 143.67202762 -38.74794544 102.548
100_0010_0127.JPG 143.67211042 -38.74807050 102.285
100_0010_0128.JPG 143.67216947 -38.74788290 102.207
100_0010_0129.JPG 143.67234179 -38.74764122 102.658
100_0010_0130.JPG 143.67237888 -38.74758122 102.720
100_0010_0131.JPG 143.67222270 -38.74731900 101.725
100_0010_0132.JPG 143.67206631 -38.74707375 102.142
100_0010_0133.JPG 143.67191915 -38.74683231 102.460
100_0010_0134.JPG 143.67177149 -38.74659218 102.473
100_0010_0135.JPG 143.67172613 -38.74651166 102.581
100_0010_0136.JPG 143.67191096 -38.74625754 101.905
100_0010_0137.JPG 143.67203634 -38.74609534 101.835
100_0010_0138.JPG 143.67219972 -38.74635788 101.702
100_0010_0139.JPG 143.67234690 -38.74660053 102.035
100_0010_0140.JPG 143.67249601 -38.74684183 102.058
100_0010_0141.JPG 143.67264327 -38.74708355 102.328
100_0010_0142.JPG 143.67268361 -38.74713928 102.229
100_0010_0143.JPG 143.67286198 -38.74688653 101.696
100_0010_0144.JPG 143.67290723 -38.74682469 101.785
100_0010_0145.JPG 143.67298808 -38.74670648 101.687
100_0010_0146.JPG 143.67283533 -38.74644547 101.344
100_0010_0147.JPG 143.67267825 -38.74620304 101.657
100_0010_0148.JPG 143.67252763 -38.74595915 102.090
100_0010_0149.JPG 143.67237754 -38.74572184 102.695
100_0010_0150.JPG 143.67233968 -38.74565041 102.847
100_0010_0151.JPG 143.67252367 -38.74539348 102.279
100_0010_0152.JPG 143.67264644 -38.74523091 102.045
100_0010_0153.JPG 143.67281401 -38.74549886 101.724
100_0010_0154.JPG 143.67296474 -38.74573822 101.832
100_0010_0155.JPG 143.67311251 -38.74597662 101.161
100_0010_0156.JPG 143.67325721 -38.74621852 101.512
100_0010_0157.JPG 143.67329945 -38.74627920 101.848
100_0010_0158.JPG 143.67349097 -38.74602245 102.038
100_0010_0159.JPG 143.67360718 -38.74585346 101.997
100_0010_0160.JPG 143.67345044 -38.74559463 101.249
100_0010_0161.JPG 143.67329125 -38.74534774 102.040
100_0011_0001.JPG 143.67759907 -38.74042842 102.094
100_0011_0002.JPG 143.67718459 -38.74048827 101.724
100_0011_0003.JPG 143.67678184 -38.74054135 102.381
100_0011_0004.JPG 143.67659314 -38.74057372 102.304
100_0011_0005.JPG 143.67634902 -38.74084530 102.022
100_0011_0006.JPG 143.67611328 -38.74109491 103.304
100_0011_0007.JPG 143.67609262 -38.74112506 103.365
100_0011_0008.JPG 143.67652016 -38.74106137 102.567
100_0011_0009.JPG 143.67691364 -38.74100118 102.756
100_0011_0010.JPG 143.67730654 -38.74094148 102.524
100_0011_0011.JPG 143.67770104 -38.74088156 102.392
100_0011_0012.JPG 143.67809716 -38.74082017 102.558
100_0011_0013.JPG 143.67819285 -38.74080934 102.615
100_0011_0014.JPG 143.67792234 -38.74108112 102.044
100_0011_0015.JPG 143.67767848 -38.74132375 102.396
100_0011_0016.JPG 143.67761622 -38.74137700 102.477
100_0011_0017.JPG 143.67719811 -38.74143470 102.183
100_0011_0018.JPG 143.67680515 -38.74149399 102.640
100_0011_0019.JPG 143.67641476 -38.74155618 102.931
100_0011_0020.JPG 143.67602522 -38.74161574 102.301
100_0011_0021.JPG 143.67563156 -38.74167634 102.586
100_0011_0022.JPG 143.67555568 -38.74169114 103.116
100_0011_0023.JPG 143.67530884 -38.74196421 102.318
100_0011_0024.JPG 143.67508015 -38.74221034 102.179
100_0011_0025.JPG 143.67505703 -38.74223852 102.050
100_0011_0026.JPG 143.67547911 -38.74217647 102.200
100_0011_0027.JPG 143.67587351 -38.74211945 102.256
100_0011_0028.JPG 143.67626453 -38.74205905 102.024
100_0011_0029.JPG 143.67666056 -38.74199787 101.952
100_0011_0030.JPG 143.67703861 -38.74194021 101.926
100_0011_0031.JPG 143.67705610 -38.74194211 101.948
100_0011_0032.JPG 143.67679004 -38.74221311 101.369
100_0011_0033.JPG 143.67654433 -38.74245605 101.837
100_0011_0034.JPG 143.67648302 -38.74250719 102.196
100_0011_0035.JPG 143.67608049 -38.74257690 101.167
100_0011_0036.JPG 143.67567907 -38.74263395 102.527
100_0011_0037.JPG 143.67528730 -38.74268666 103.254
100_0011_0038.JPG 143.67489840 -38.74275154 102.783
100_0011_0039.JPG 143.67450689 -38.74280272 102.698
100_0011_0040.JPG 143.67448125 -38.74282632 102.692
100_0011_0041.JPG 143.67425490 -38.74307670 102.766
100_0011_0042.JPG 143.67400019 -38.74332796 103.660
100_0011_0043.JPG 143.67396474 -38.74336891 103.956
100_0011_0044.JPG 143.67439325 -38.74330155 102.862
100_0011_0045.JPG 143.67478444 -38.74324159 102.607
100_0011_0046.JPG 143.67518138 -38.74318137 102.680
100_0011_0047.JPG 143.67557908 -38.74312138 102.679
100_0011_0048.JPG 143.67596620 -38.74306259 102.694
100_0011_0049.JPG 143.67603989 -38.74305407 102.478
100_0011_0050.JPG 143.67584121 -38.74334970 102.388
100_0011_0051.JPG 143.67562092 -38.74359827 103.451
100_0011_0052.JPG 143.67521481 -38.74367209 102.858
100_0011_0053.JPG 143.67480141 -38.74371839 103.095
100_0011_0054.JPG 143.67440127 -38.74378196 103.391
100_0011_0055.JPG 143.67400715 -38.74384200 103.798
100_0011_0056.JPG 143.67361893 -38.74390119 103.518
100_0011_0057.JPG 143.67352935 -38.74391927 103.703
100_0011_0058.JPG 143.67334268 -38.74420803 102.047
100_0011_0059.JPG 143.67315854 -38.74444929 103.312
100_0011_0060.JPG 143.67358370 -38.74438329 102.668
100_0011_0061.JPG 143.67397708 -38.74432273 102.575
100_0011_0062.JPG 143.67437326 -38.74426321 102.656
100_0011_0063.JPG 143.67476800 -38.74420406 102.513
100_0011_0064.JPG 143.67515197 -38.74414678 102.345
100_0011_0065.JPG 143.67518313 -38.74414599 102.269
100_0011_0066.JPG 143.67496195 -38.74443779 101.923
100_0011_0067.JPG 143.67475863 -38.74468680 102.982
100_0011_0068.JPG 143.67434135 -38.74475032 101.587
100_0011_0069.JPG 143.67395366 -38.74480987 102.117
100_0011_0070.JPG 143.67355643 -38.74487029 102.822
100_0011_0071.JPG 143.67316205 -38.74492662 103.067
100_0011_0072.JPG 143.67277330 -38.74498403 103.291
100_0011_0073.JPG 143.67276521 -38.74498888 103.346
100_0011_0074.JPG 143.67315170 -38.74514295 102.416
100_0011_0075.JPG 143.67351054 -38.74528582 102.150
100_0011_0076.JPG 143.67364052 -38.74533310 102.210
100_0011_0077.JPG 143.67405800 -38.74526747 102.489
100_0011_0078.JPG 143.67432902 -38.74522538 102.541
100_0011_0079.JPG 143.67390946 -38.74519882 101.411
100_0011_0080.JPG 143.67349863 -38.74517403 102.367
100_0011_0081.JPG 143.67310000 -38.74514826 102.803
100_0011_0082.JPG 143.67305527 -38.74514098 102.859
100_0011_0083.JPG 143.67297790 -38.74481113 101.283
100_0011_0084.JPG 143.67295920 -38.74471328 101.571
100_0011_0085.JPG 143.67316841 -38.74442555 101.639
100_0011_0086.JPG 143.67336557 -38.74415097 102.295
100_0011_0087.JPG 143.67341265 -38.74409893 102.530
100_0011_0088.JPG 143.67349612 -38.74443107 102.651
100_0011_0089.JPG 143.67357588 -38.74473407 102.330
100_0011_0090.JPG 143.67365190 -38.74504122 102.341
100_0011_0091.JPG 143.67372434 -38.74533983 102.738
100_0011_0092.JPG 143.67373695 -38.74536207 102.734
100_0011_0093.JPG 143.67415786 -38.74528287 102.308
100_0011_0094.JPG 143.67431328 -38.74524868 102.290
100_0011_0095.JPG 143.67423068 -38.74491709 101.962
100_0011_0096.JPG 143.67415559 -38.74460898 102.401
100_0011_0097.JPG 143.67408105 -38.74430349 102.109
100_0011_0098.JPG 143.67400561 -38.74399560 102.044
100_0011_0099.JPG 143.67392872 -38.74368964 102.377
100_0011_0100.JPG 143.67386908 -38.74345673 102.919
100_0011_0101.JPG 143.67413358 -38.74319319 102.039
100_0011_0102.JPG 143.67435885 -38.74297052 102.173
100_0011_0103.JPG 143.67444049 -38.74330170 102.029
100_0011_0104.JPG 143.67451840 -38.74360550 102.056
100_0011_0105.JPG 143.67459458 -38.74391293 102.351
100_0011_0106.JPG 143.67467249 -38.74421998 102.809
100_0011_0107.JPG 143.67474853 -38.74452914 102.819
100_0011_0108.JPG 143.67478152 -38.74465505 102.821
100_0011_0109.JPG 143.67501521 -38.74436503 102.423
100_0011_0110.JPG 143.67522046 -38.74410210 102.220
100_0011_0111.JPG 143.67524763 -38.74406072 102.121
100_0011_0112.JPG 143.67516369 -38.74373281 101.961
100_0011_0113.JPG 143.67508876 -38.74342816 102.344
100_0011_0114.JPG 143.67501267 -38.74312094 102.692
100_0011_0115.JPG 143.67493414 -38.74281488 103.240
100_0011_0116.JPG 143.67485532 -38.74250831 103.725
100_0011_0117.JPG 143.67484456 -38.74245324 103.817
100_0011_0118.JPG 143.67494260 -38.74236005 102.993
100_0011_0119.JPG 143.67518156 -38.74209975 101.992
100_0011_0120.JPG 143.67532806 -38.74195414 101.686
100_0011_0121.JPG 143.67541215 -38.74228196 101.413
100_0011_0122.JPG 143.67549082 -38.74258773 101.702
100_0011_0123.JPG 143.67556753 -38.74289637 102.095
100_0011_0124.JPG 143.67564489 -38.74320402 102.117
100_0011_0125.JPG 143.67571271 -38.74346572 102.414
100_0011_0126.JPG 143.67594113 -38.74317352 101.828
100_0011_0127.JPG 143.67614686 -38.74291305 102.198
100_0011_0128.JPG 143.67617712 -38.74287135 102.004
100_0011_0129.JPG 143.67609140 -38.74254371 102.089
100_0011_0130.JPG 143.67601235 -38.74223417 102.729
100_0011_0131.JPG 143.67593403 -38.74192725 103.003
100_0011_0132.JPG 143.67585632 -38.74162044 102.869
100_0011_0133.JPG 143.67580992 -38.74141748 103.037
100_0011_0134.JPG 143.67606528 -38.74114752 102.265
100_0011_0135.JPG 143.67628804 -38.74091244 101.819
100_0011_0136.JPG 143.67629441 -38.74091869 101.689
100_0011_0137.JPG 143.67637962 -38.74124365 101.811
100_0011_0138.JPG 143.67645445 -38.74155220 102.691
100_0011_0139.JPG 143.67653156 -38.74186085 103.095
100_0011_0140.JPG 143.67660845 -38.74217045 103.082
100_0011_0141.JPG 143.67666062 -38.74233521 101.986
100_0011_0142.JPG 143.67692415 -38.74206847 101.844
100_0011_0143.JPG 143.67714147 -38.74184421 102.758
100_0011_0144.JPG 143.67706085 -38.74151703 102.297
100_0011_0145.JPG 143.67698360 -38.74121039 102.647
100_0011_0146.JPG 143.67690893 -38.74090573 102.764
100_0011_0147.JPG 143.67683194 -38.74059698 102.929
100_0011_0148.JPG 143.67678398 -38.74038661 103.510
100_0011_0149.JPG 143.67720289 -38.74029988 102.746
100_0011_0150.JPG 143.67736304 -38.74027392 102.601
100_0011_0151.JPG 143.67744710 -38.74060740 102.752
100_0011_0152.JPG 143.67752558 -38.74091151 101.919
100_0011_0153.JPG 143.67759977 -38.74121716 101.704
100_0011_0154.JPG 143.67763996 -38.74136111 101.640
100_0011_0155.JPG 143.67790765 -38.74109619 101.570
100_0011_0156.JPG 143.67812893 -38.74087468 101.690
100_0012_0001.JPG 143.68287580 -38.73602536 101.431
100_0012_0002.JPG 143.68327749 -38.73604788 101.549
100_0012_0003.JPG 143.68361112 -38.73607900 101.894
100_0012_0004.JPG 143.68369166 -38.73609168 101.985
100_0012_0005.JPG 143.68391859 -38.73632961 101.499
100_0012_0006.JPG 143.68411971 -38.73654163 101.412
100_0012_0007.JPG 143.68423762 -38.73666998 101.085
100_0012_0008.JPG 143.68386900 -38.73664038 100.306
100_0012_0009.JPG 143.68352256 -38.73661312 100.178
100_0012_0010.JPG 143.68317505 -38.73658309 100.644
100_0012_0011.JPG 143.68282891 -38.73655349 102.045
100_0012_0012.JPG 143.68249158 -38.73652367 102.973
100_0012_0013.JPG 143.68222474 -38.73650366 103.463
100_0012_0014.JPG 143.68196788 -38.73671008 101.953
100_0012_0015.JPG 143.68170673 -38.73689252 102.240
100_0012_0016.JPG 143.68158874 -38.73698631 103.143
100_0012_0017.JPG 143.68197092 -38.73702044 102.339
100_0012_0018.JPG 143.68230748 -38.73704775 102.328
100_0012_0019.JPG 143.68264969 -38.73707781 102.580
100_0012_0020.JPG 143.68299049 -38.73710758 102.733
100_0012_0021.JPG 143.68332919 -38.73713743 102.727
100_0012_0022.JPG 143.68364004 -38.73716319 102.928
100_0012_0023.JPG 143.68363257 -38.73717167 102.765
100_0012_0024.JPG 143.68336504 -38.73736556 102.169
100_0012_0025.JPG 143.68309480 -38.73754080 102.533
100_0012_0026.JPG 143.68292413 -38.73764264 103.029
100_0012_0027.JPG 143.68256248 -38.73760869 102.063
100_0012_0028.JPG 143.68220833 -38.73757733 102.024
100_0012_0029.JPG 143.68187178 -38.73754871 102.192
100_0012_0030.JPG 143.68153160 -38.73752150 101.848
100_0012_0031.JPG 143.68119032 -38.73749112 102.019
100_0012_0032.JPG 143.68091192 -38.73747041 102.356
100_0012_0033.JPG 143.68064683 -38.73767519 100.842
100_0012_0034.JPG 143.68038971 -38.73785798 101.572
100_0012_0035.JPG 143.68026993 -38.73795057 102.143
100_0012_0036.JPG 143.68065147 -38.73798471 101.941
100_0012_0037.JPG 143.68099144 -38.73801418 102.039
100_0012_0038.JPG 143.68133142 -38.73804270 102.738
100_0012_0039.JPG 143.68167422 -38.73807177 102.702
100_0012_0040.JPG 143.68201396 -38.73810008 102.641
100_0012_0041.JPG 143.68221876 -38.73812180 102.359
100_0012_0042.JPG 143.68195096 -38.73832291 101.486
100_0012_0043.JPG 143.68167372 -38.73849646 102.049
100_0012_0044.JPG 143.68150474 -38.73859896 102.789
100_0012_0045.JPG 143.68114826 -38.73856893 100.551
100_0012_0046.JPG 143.68080186 -38.73853990 101.194
100_0012_0047.JPG 143.68046356 -38.73849805 101.440
100_0012_0048.JPG 143.68012628 -38.73846610 101.610
100_0012_0049.JPG 143.67978197 -38.73844425 101.337
100_0012_0050.JPG 143.67958714 -38.73843706 101.724
100_0012_0051.JPG 143.67933441 -38.73864243 101.410
100_0012_0052.JPG 143.67906852 -38.73882724 101.818
100_0012_0053.JPG 143.67895101 -38.73891838 101.437
100_0012_0054.JPG 143.67933406 -38.73895144 101.211
100_0012_0055.JPG 143.67967091 -38.73898071 100.783
100_0012_0056.JPG 143.68001470 -38.73901310 101.016
100_0012_0057.JPG 143.68035600 -38.73904215 101.316
100_0012_0058.JPG 143.68069572 -38.73906970 101.486
100_0012_0059.JPG 143.68079561 -38.73908326 101.650
100_0012_0060.JPG 143.68054256 -38.73928423 100.982
100_0012_0061.JPG 143.68028644 -38.73946344 101.256
100_0012_0062.JPG 143.68008874 -38.73955996 103.113
100_0012_0063.JPG 143.67973365 -38.73951496 101.756
100_0012_0064.JPG 143.67938305 -38.73948863 101.992
100_0012_0065.JPG 143.67903919 -38.73946216 102.141
100_0012_0066.JPG 143.67869927 -38.73943396 101.925
100_0012_0067.JPG 143.67836446 -38.73939534 101.930
100_0012_0068.JPG 143.67827451 -38.73940068 102.667
100_0012_0069.JPG 143.67803433 -38.73960622 101.576
100_0012_0070.JPG 143.67777258 -38.73978851 101.697
100_0012_0071.JPG 143.67763568 -38.73988150 102.115
100_0012_0072.JPG 143.67801522 -38.73991607 101.219
100_0012_0073.JPG 143.67835555 -38.73994559 101.075
100_0012_0074.JPG 143.67869647 -38.73997560 101.281
100_0012_0075.JPG 143.67903698 -38.74000568 101.303
100_0012_0076.JPG 143.67935821 -38.74003372 101.489
100_0012_0077.JPG 143.67937493 -38.74003756 101.173
100_0012_0078.JPG 143.67913480 -38.74025028 101.248
100_0012_0079.JPG 143.67885301 -38.74041237 102.358
100_0012_0080.JPG 143.67865818 -38.74051621 103.295
100_0012_0081.JPG 143.67829810 -38.74049017 102.383
100_0012_0082.JPG 143.67796453 -38.74045049 102.535
100_0012_0083.JPG 143.67794042 -38.74042191 102.349
100_0012_0084.JPG 143.67777510 -38.74026041 100.224
100_0013_0001.JPG 143.67779704 -38.74012723 102.942
100_0013_0002.JPG 143.67783171 -38.73983419 102.535
100_0013_0003.JPG 143.67784735 -38.73971448 103.451
100_0013_0004.JPG 143.67812621 -38.73951638 103.383
100_0013_0005.JPG 143.67837747 -38.73933328 103.234
100_0013_0006.JPG 143.67860762 -38.73916523 103.128
100_0013_0007.JPG 143.67861890 -38.73916177 103.072
100_0013_0008.JPG 143.67858618 -38.73945699 102.594
100_0013_0009.JPG 143.67853758 -38.73972661 103.276
100_0013_0010.JPG 143.67850310 -38.73999222 103.453
100_0013_0011.JPG 143.67846209 -38.74025823 103.644
100_0013_0012.JPG 143.67842628 -38.74052647 103.832
100_0013_0013.JPG 143.67840788 -38.74069193 103.480
100_0013_0014.JPG 143.67870083 -38.74049730 102.677
100_0013_0015.JPG 143.67895960 -38.74032230 102.540
100_0013_0016.JPG 143.67917185 -38.74017559 102.449
100_0013_0017.JPG 143.67922308 -38.73989008 102.001
100_0013_0018.JPG 143.67924703 -38.73961804 102.498
100_0013_0019.JPG 143.67928843 -38.73935171 102.558
100_0013_0020.JPG 143.67932592 -38.73908929 102.627
100_0013_0021.JPG 143.67936261 -38.73882174 103.139
100_0013_0022.JPG 143.67940158 -38.73858620 103.255
100_0013_0023.JPG 143.67968030 -38.73838704 102.250
100_0013_0024.JPG 143.67992616 -38.73820247 102.123
100_0013_0025.JPG 143.68015769 -38.73803296 102.662
100_0013_0026.JPG 143.68016776 -38.73803165 102.715
100_0013_0027.JPG 143.68012887 -38.73832461 102.616
100_0013_0028.JPG 143.68008950 -38.73859047 102.673
100_0013_0029.JPG 143.68005201 -38.73885356 102.811
100_0013_0030.JPG 143.68001344 -38.73912099 103.343
100_0013_0031.JPG 143.67997546 -38.73938638 103.582
100_0013_0032.JPG 143.67993744 -38.73964152 103.712
100_0013_0033.JPG 143.67994022 -38.73965798 103.740
100_0013_0034.JPG 143.68023595 -38.73946033 103.463
100_0013_0035.JPG 143.68049625 -38.73928789 103.340
100_0013_0036.JPG 143.68070615 -38.73914258 103.394
100_0013_0037.JPG 143.68074825 -38.73885400 102.297
100_0013_0038.JPG 143.68078187 -38.73858496 102.202
100_0013_0039.JPG 143.68082149 -38.73832158 102.139
100_0013_0040.JPG 143.68085965 -38.73805806 101.865
100_0013_0041.JPG 143.68089612 -38.73778520 102.611
100_0013_0042.JPG 143.68093283 -38.73752241 103.333
100_0013_0043.JPG 143.68094777 -38.73744462 103.689
100_0013_0044.JPG 143.68122279 -38.73724797 102.262
100_0013_0045.JPG 143.68147274 -38.73706340 102.440
100_0013_0046.JPG 143.68170569 -38.73689497 102.746
100_0013_0047.JPG 143.68171526 -38.73689404 102.687
100_0013_0048.JPG 143.68167539 -38.73718982 102.181
100_0013_0049.JPG 143.68163400 -38.73745893 102.633
100_0013_0050.JPG 143.68159838 -38.73772228 103.015
100_0013_0051.JPG 143.68156510 -38.73798856 102.361
100_0013_0052.JPG 143.68152263 -38.73825951 102.424
100_0013_0053.JPG 143.68148441 -38.73852470 102.466
100_0013_0054.JPG 143.68147291 -38.73863307 102.356
100_0013_0055.JPG 143.68176545 -38.73843930 102.540
100_0013_0056.JPG 143.68202668 -38.73826138 102.516
100_0013_0057.JPG 143.68224062 -38.73811289 102.528
100_0013_0058.JPG 143.68228682 -38.73782461 102.298
100_0013_0059.JPG 143.68231222 -38.73755348 102.988
100_0013_0060.JPG 143.68235088 -38.73728837 103.280
100_0013_0061.JPG 143.68238915 -38.73702033 103.363
100_0013_0062.JPG 143.68242855 -38.73675795 103.192
100_0013_0063.JPG 143.68246741 -38.73649032 102.680
100_0013_0064.JPG 143.68249254 -38.73631462 103.254
100_0013_0065.JPG 143.68277083 -38.73611592 102.825
100_0013_0066.JPG 143.68301670 -38.73593331 102.763
100_0013_0067.JPG 143.68324914 -38.73576118 103.242
100_0013_0068.JPG 143.68325704 -38.73576025 103.086
100_0013_0069.JPG 143.68322977 -38.73605419 102.387
100_0013_0070.JPG 143.68317697 -38.73632598 102.875
100_0013_0071.JPG 143.68313779 -38.73659300 103.624
100_0013_0072.JPG 143.68310361 -38.73685801 103.846
100_0013_0073.JPG 143.68306662 -38.73712324 103.208
100_0013_0074.JPG 143.68303077 -38.73738873 102.741
100_0013_0075.JPG 143.68300273 -38.73760376 102.593
100_0013_0076.JPG 143.68329402 -38.73740748 101.670
100_0013_0077.JPG 143.68354929 -38.73723361 101.774
100_0013_0078.JPG 143.68376199 -38.73708769 101.457
100_0013_0079.JPG 143.68382462 -38.73680403 102.036
100_0013_0080.JPG 143.68384516 -38.73653011 102.673
100_0014_0001.JPG 143.68395347 -38.73638998 103.993
100_0014_0002.JPG 143.68431582 -38.73650432 101.745
100_0014_0003.JPG 143.68462279 -38.73659542 101.694
100_0014_0004.JPG 143.68468581 -38.73660911 101.839
100_0014_0005.JPG 143.68501143 -38.73645249 101.822
100_0014_0006.JPG 143.68530451 -38.73631427 101.862
100_0014_0007.JPG 143.68541787 -38.73625710 101.874
100_0014_0008.JPG 143.68506838 -38.73614593 100.932
100_0014_0009.JPG 143.68474505 -38.73605580 100.921
100_0014_0010.JPG 143.68443454 -38.73596197 100.762
100_0014_0011.JPG 143.68410116 -38.73587592 101.632
100_0014_0012.JPG 143.68378232 -38.73577728 102.159
100_0014_0013.JPG 143.68345758 -38.73567792 102.329
100_0014_0014.JPG 143.68335998 -38.73564507 102.600
100_0014_0015.JPG 143.68369587 -38.73549017 101.214
100_0014_0016.JPG 143.68399054 -38.73534925 101.426
100_0014_0017.JPG 143.68412153 -38.73529967 101.509
100_0014_0018.JPG 143.68447344 -38.73540490 101.779
100_0014_0019.JPG 143.68479384 -38.73549886 101.835
100_0014_0020.JPG 143.68511566 -38.73559694 101.878
100_0014_0021.JPG 143.68543664 -38.73569150 101.872
100_0014_0022.JPG 143.68575477 -38.73578547 101.521
100_0014_0023.JPG 143.68607172 -38.73587872 101.295
100_0014_0024.JPG 143.68617540 -38.73590448 101.501
100_0014_0025.JPG 143.68650142 -38.73575063 100.907
100_0014_0026.JPG 143.68679097 -38.73560872 101.609
100_0014_0027.JPG 143.68690722 -38.73555235 102.020
100_0014_0028.JPG 143.68656866 -38.73546377 100.596
100_0014_0029.JPG 143.68626455 -38.73536417 99.960
100_0014_0030.JPG 143.68594868 -38.73526004 100.754
100_0014_0031.JPG 143.68560874 -38.73515924 101.443
100_0014_0032.JPG 143.68529113 -38.73506486 100.751
100_0014_0033.JPG 143.68497015 -38.73497377 101.015
100_0014_0034.JPG 143.68487327 -38.73494358 101.282
100_0014_0035.JPG 143.68519975 -38.73479319 99.920
100_0014_0036.JPG 143.68549235 -38.73465786 99.638
100_0014_0037.JPG 143.68562987 -38.73460120 99.686
100_0014_0038.JPG 143.68598345 -38.73470506 100.402
100_0014_0039.JPG 143.68630318 -38.73480004 100.903
100_0014_0040.JPG 143.68662305 -38.73489271 100.938
100_0014_0041.JPG 143.68694132 -38.73498755 100.996
100_0014_0042.JPG 143.68726482 -38.73508323 101.001
100_0014_0043.JPG 143.68758515 -38.73517782 101.027
100_0014_0044.JPG 143.68776955 -38.73522793 100.940
100_0014_0045.JPG 143.68812515 -38.73511457 100.327
100_0014_0046.JPG 143.68844100 -38.73501629 100.268
100_0014_0047.JPG 143.68869755 -38.73493302 100.470
100_0014_0048.JPG 143.68836108 -38.73481966 100.164
100_0014_0049.JPG 143.68803689 -38.73472463 101.350
100_0014_0050.JPG 143.68771184 -38.73463230 101.528
100_0014_0051.JPG 143.68739243 -38.73455003 101.601
100_0014_0052.JPG 143.68707148 -38.73445549 102.017
100_0014_0053.JPG 143.68674790 -38.73435702 101.596
100_0014_0054.JPG 143.68642256 -38.73426373 101.791
100_0014_0055.JPG 143.68639321 -38.73425178 102.089
100_0014_0056.JPG 143.68675528 -38.73413209 100.481
100_0014_0057.JPG 143.68706878 -38.73402989 100.533
100_0014_0058.JPG 143.68732063 -38.73395379 100.598
100_0014_0059.JPG 143.68767556 -38.73405728 101.180
100_0014_0060.JPG 143.68799627 -38.73415062 101.250
100_0014_0061.JPG 143.68831737 -38.73424424 100.956
100_0014_0062.JPG 143.68863557 -38.73433915 100.697
100_0014_0063.JPG 143.68895687 -38.73443651 101.016
100_0014_0064.JPG 143.68927816 -38.73453162 101.534
100_0014_0065.JPG 143.68959788 -38.73462589 101.436
100_0014_0066.JPG 143.68970782 -38.73465473 101.237
100_0014_0067.JPG 143.69006895 -38.73456903 101.012
100_0014_0068.JPG 143.69039673 -38.73449508 101.160
100_0014_0069.JPG 143.69071698 -38.73442035 101.419
100_0014_0070.JPG 143.69078272 -38.73440258 101.328
100_0014_0071.JPG 143.69045971 -38.73428380 100.601
100_0014_0072.JPG 143.69012189 -38.73421864 101.218
100_0014_0073.JPG 143.68980017 -38.73410494 101.417
100_0014_0074.JPG 143.68947199 -38.73401435 101.825
100_0014_0075.JPG 143.68915021 -38.73392909 101.608
100_0014_0076.JPG 143.68884463 -38.73382775 101.528
100_0014_0077.JPG 143.68852224 -38.73372870 102.154
100_0014_0078.JPG 143.68825188 -38.73364934 102.971
100_0014_0079.JPG 143.68861668 -38.73354752 101.289
100_0014_0080.JPG 143.68893427 -38.73345668 100.691
100_0014_0081.JPG 143.68923399 -38.73337271 100.331
100_0014_0082.JPG 143.68927353 -38.73338297 100.201
100_0014_0083.JPG 143.68959858 -38.73347721 100.682
100_0014_0084.JPG 143.68991537 -38.73357121 101.185
100_0014_0085.JPG 143.69023800 -38.73366705 101.215
100_0014_0086.JPG 143.69055740 -38.73376091 101.047
100_0014_0087.JPG 143.69088191 -38.73385701 100.966
100_0014_0088.JPG 143.69119029 -38.73394848 101.236
100_0014_0089.JPG 143.69124336 -38.73395943 101.339
100_0014_0090.JPG 143.69121500 -38.73367361 100.739
100_0014_0091.JPG 143.69114334 -38.73340383 100.930
100_0014_0092.JPG 143.69112130 -38.73334963 101.017
100_0014_0093.JPG 143.69078201 -38.73325223 100.056
100_0014_0094.JPG 143.69070326 -38.73323340 100.453
100_0014_0095.JPG 143.69092789 -38.73347779 100.280
100_0014_0096.JPG 143.69112519 -38.73369555 100.903
100_0014_0097.JPG 143.69120859 -38.73379404 101.227
100_0014_0098.JPG 143.69108046 -38.73407182 100.816
100_0014_0099.JPG 143.69095273 -38.73431998 101.506
100_0014_0100.JPG 143.69092025 -38.73437355 101.564
100_0014_0101.JPG 143.69057707 -38.73446095 101.388
100_0014_0102.JPG 143.69024065 -38.73453411 102.306
100_0014_0103.JPG 143.69010164 -38.73455411 102.738
100_0014_0104.JPG 143.69024312 -38.73427858 101.470
100_0014_0105.JPG 143.69036499 -38.73402407 101.225
100_0014_0106.JPG 143.69048537 -38.73377435 101.579
100_0014_0107.JPG 143.69060574 -38.73352392 101.532
100_0014_0108.JPG 143.69072465 -38.73327659 102.079
100_0014_0109.JPG 143.69074217 -38.73322853 101.912
100_0014_0110.JPG 143.69037497 -38.73325467 101.559
100_0014_0111.JPG 143.69003134 -38.73326658 101.855
100_0014_0112.JPG 143.68998448 -38.73327449 102.203
100_0014_0113.JPG 143.68985981 -38.73355149 100.753
100_0014_0114.JPG 143.68973443 -38.73380208 100.998
100_0014_0115.JPG 143.68961417 -38.73405364 101.160
100_0014_0116.JPG 143.68949164 -38.73430488 101.549
100_0014_0117.JPG 143.68936773 -38.73455294 102.074
100_0014_0118.JPG 143.68925500 -38.73476050 102.570
100_0014_0119.JPG 143.68891808 -38.73485826 101.027
100_0014_0120.JPG 143.68858804 -38.73496802 100.983
100_0014_0121.JPG 143.68840126 -38.73502305 101.721
100_0014_0122.JPG 143.68854156 -38.73474146 101.474
100_0014_0123.JPG 143.68866066 -38.73448932 101.962
100_0014_0124.JPG 143.68878435 -38.73424212 101.550
100_0014_0125.JPG 143.68890642 -38.73399174 101.231
100_0014_0126.JPG 143.68902875 -38.73374166 101.044
100_0014_0127.JPG 143.68915062 -38.73349111 101.281
100_0014_0128.JPG 143.68920242 -38.73338551 101.336
100_0014_0129.JPG 143.68887607 -38.73351249 101.475
100_0014_0130.JPG 143.68852248 -38.73357881 102.878
100_0014_0131.JPG 143.68833967 -38.73362420 102.857
100_0014_0132.JPG 143.68825375 -38.73390599 100.469
100_0014_0133.JPG 143.68809475 -38.73415312 100.768
100_0014_0134.JPG 143.68796663 -38.73440525 101.872
100_0014_0135.JPG 143.68784627 -38.73465569 102.291
100_0014_0136.JPG 143.68772734 -38.73490291 102.358
100_0014_0137.JPG 143.68760599 -38.73515382 102.500
100_0014_0138.JPG 143.68752911 -38.73529959 102.220
100_0014_0139.JPG 143.68726263 -38.73538721 101.461
100_0014_0140.JPG 143.68696473 -38.73553729 100.937
100_0014_0141.JPG 143.68667914 -38.73566925 100.885
100_0014_0142.JPG 143.68660966 -38.73569064 101.542
100_0014_0143.JPG 143.68674330 -38.73541613 101.183
100_0014_0144.JPG 143.68686343 -38.73516245 101.823
100_0014_0145.JPG 143.68698179 -38.73491544 101.247
100_0014_0146.JPG 143.68710525 -38.73466218 101.380
100_0014_0147.JPG 143.68722905 -38.73441442 101.248
100_0014_0148.JPG 143.68735063 -38.73416201 101.208
100_0014_0149.JPG 143.68746722 -38.73392117 101.532
100_0014_0150.JPG 143.68747670 -38.73389797 101.546
100_0014_0151.JPG 143.68715085 -38.73402839 100.453
100_0014_0152.JPG 143.68682882 -38.73412774 101.035
100_0014_0153.JPG 143.68659937 -38.73418545 102.056
100_0014_0154.JPG 143.68646843 -38.73446098 101.666
100_0014_0155.JPG 143.68634774 -38.73470971 101.420
100_0014_0156.JPG 143.68622608 -38.73495743 100.860
100_0014_0157.JPG 143.68610496 -38.73521073 101.770
100_0014_0158.JPG 143.68598796 -38.73545971 102.079
100_0014_0159.JPG 143.68586748 -38.73571156 101.692
100_0014_0160.JPG 143.68574400 -38.73596383 101.796
100_0014_0161.JPG 143.68564215 -38.73616579 102.216
100_0014_0162.JPG 143.68536850 -38.73633835 100.803
100_0014_0163.JPG 143.68506337 -38.73647171 102.504
100_0014_0164.JPG 143.68476140 -38.73660018 102.699
100_0014_0165.JPG 143.68469613 -38.73660688 103.429
100_0014_0166.JPG 143.68483071 -38.73632949 101.421
100_0014_0167.JPG 143.68494848 -38.73607751 101.039
100_0014_0168.JPG 143.68506987 -38.73582821 101.284
100_0014_0169.JPG 143.68518512 -38.73558207 100.696
100_0014_0170.JPG 143.68530651 -38.73532672 100.233
100_0014_0171.JPG 143.68543155 -38.73507690 101.097
100_0014_0172.JPG 143.68555585 -38.73482376 101.869
100_0014_0173.JPG 143.68567147 -38.73458780 102.116
100_0014_0174.JPG 143.68567574 -38.73457121 101.757
100_0014_0175.JPG 143.68535435 -38.73471907 101.109
100_0014_0176.JPG 143.68505068 -38.73485725 101.467
100_0014_0177.JPG 143.68476750 -38.73498964 101.850
100_0014_0178.JPG 143.68473296 -38.73501244 101.798
100_0014_0179.JPG 143.68461885 -38.73528174 99.686
100_0014_0180.JPG 143.68447660 -38.73553093 99.326
100_0014_0181.JPG 143.68435345 -38.73578568 100.981
100_0014_0182.JPG 143.68423617 -38.73603713 100.699
100_0014_0183.JPG 143.68411408 -38.73628531 100.715
100_0014_0184.JPG 143.68401354 -38.73646958 101.349
100_0014_0185.JPG 143.68382528 -38.73622688 100.414
100_0014_0186.JPG 143.68360944 -38.73601339 100.329
100_0014_0187.JPG 143.68353666 -38.73593893 100.765
100_0014_0188.JPG 143.68367459 -38.73566478 100.976
