EPSG:7843
100_0022_0001.JPG 143.67057612 -38.75470647 101.638
100_0022_0002.JPG 143.67093744 -38.75478116 101.729
100_0022_0003.JPG 143.67126465 -38.75485459 101.696
100_0022_0004.JPG 143.67150620 -38.75491616 101.726
100_0022_0005.JPG 143.67164713 -38.75518164 101.701
100_0022_0006.JPG 143.67175016 -38.75538861 101.746
100_0022_0007.JPG 143.67138827 -38.75530314 101.617
100_0022_0008.JPG 143.67106249 -38.75522864 101.528
100_0022_0009.JPG 143.67072998 -38.75515219 101.668
100_0022_0010.JPG 143.67040082 -38.75507770 101.660
100_0022_0011.JPG 143.67007874 -38.75500293 101.665
100_0022_0012.JPG 143.67003698 -38.75499720 101.542
100_0022_0013.JPG 143.67012206 -38.75528481 101.617
100_0022_0014.JPG 143.67017783 -38.75544666 101.677
100_0022_0015.JPG 143.67053517 -38.75552453 101.565
100_0022_0016.JPG 143.67086157 -38.75559982 101.670
100_0022_0017.JPG 143.67118949 -38.75567621 101.728
100_0022_0018.JPG 143.67152373 -38.75575380 101.728
100_0022_0019.JPG 143.67185108 -38.75582945 101.723
100_0022_0020.JPG 143.67202640 -38.75587446 101.759
100_0022_0021.JPG 143.67216322 -38.75612761 101.769
100_0022_0022.JPG 143.67243183 -38.75630963 101.618
100_0022_0023.JPG 143.67257973 -38.75641791 101.734
100_0022_0024.JPG 143.67221848 -38.75633657 101.658
100_0022_0025.JPG 143.67188799 -38.75626041 101.619
100_0022_0026.JPG 143.67155943 -38.75618385 101.606
100_0022_0027.JPG 143.67123054 -38.75610728 101.616
100_0022_0028.JPG 143.67090168 -38.75603152 101.670
100_0022_0029.JPG 143.67057015 -38.75595541 101.644
100_0022_0030.JPG 143.67030827 -38.75590043 101.697
100_0022_0031.JPG 143.67041268 -38.75618278 101.741
100_0022_0032.JPG 143.67048683 -38.75635641 101.687
100_0022_0033.JPG 143.67084128 -38.75643651 101.661
100_0022_0034.JPG 143.67116698 -38.75651223 101.765
100_0022_0035.JPG 143.67149735 -38.75658869 101.690
100_0022_0036.JPG 143.67182571 -38.75666533 101.663
100_0022_0037.JPG 143.67215601 -38.75674141 101.662
100_0022_0038.JPG 143.67248476 -38.75681771 101.625
100_0022_0039.JPG 143.67281440 -38.75689357 101.628
100_0022_0040.JPG 143.67314353 -38.75696860 101.625
100_0022_0041.JPG 143.67347322 -38.75704614 101.639
100_0022_0042.JPG 143.67380198 -38.75712105 101.635
100_0022_0043.JPG 143.67413126 -38.75719611 101.571
100_0022_0044.JPG 143.67445872 -38.75727311 101.663
100_0022_0045.JPG 143.67452299 -38.75729121 101.585
100_0022_0046.JPG 143.67451410 -38.75758727 101.521
100_0022_0047.JPG 143.67450461 -38.75770168 101.569
100_0022_0048.JPG 143.67414436 -38.75761893 101.541
100_0022_0049.JPG 143.67381801 -38.75754486 101.601
100_0022_0050.JPG 143.67348663 -38.75746867 101.691
100_0022_0051.JPG 143.67315853 -38.75739337 101.665
100_0022_0052.JPG 143.67282566 -38.75731684 101.603
100_0022_0053.JPG 143.67249447 -38.75724155 101.643
100_0022_0054.JPG 143.67216521 -38.75716595 101.687
100_0022_0055.JPG 143.67183362 -38.75708997 101.619
100_0022_0056.JPG 143.67150721 -38.75701457 101.625
100_0022_0057.JPG 143.67117445 -38.75693817 101.695
100_0022_0058.JPG 143.67084598 -38.75686216 101.666
100_0022_0059.JPG 143.67076517 -38.75684882 101.627
100_0022_0060.JPG 143.67092198 -38.75711518 101.594
100_0022_0061.JPG 143.67105706 -38.75733124 101.692
100_0022_0062.JPG 143.67141116 -38.75740960 101.576
100_0022_0063.JPG 143.67174199 -38.75748516 101.718
100_0022_0064.JPG 143.67207045 -38.75756069 101.748
100_0022_0065.JPG 143.67240054 -38.75763583 101.640
100_0022_0066.JPG 143.67272981 -38.75771121 101.612
100_0022_0067.JPG 143.67306029 -38.75778642 101.591
100_0022_0068.JPG 143.67338964 -38.75786187 101.591
100_0022_0069.JPG 143.67372260 -38.75793761 101.605
100_0022_0070.JPG 143.67405213 -38.75801338 101.624
100_0022_0071.JPG 143.67437980 -38.75808876 101.638
100_0022_0072.JPG 143.67450050 -38.75812015 101.577
100_0022_0073.JPG 143.67438052 -38.75839986 101.516
100_0022_0074.JPG 143.67433007 -38.75849571 101.570
100_0022_0075.JPG 143.67397251 -38.75841253 101.558
100_0022_0076.JPG 143.67364406 -38.75833688 101.623
100_0022_0077.JPG 143.67331230 -38.75826149 101.665
100_0022_0078.JPG 143.67298388 -38.75818672 101.685
100_0022_0079.JPG 143.67265056 -38.75811012 101.662
100_0022_0080.JPG 143.67238188 -38.75804866 101.591
100_0022_0081.JPG 143.67274201 -38.75813769 101.592
100_0022_0082.JPG 143.67306631 -38.75821795 101.700
100_0022_0083.JPG 143.67339540 -38.75830060 101.724
100_0022_0084.JPG 143.67372022 -38.75838198 101.668
100_0022_0085.JPG 143.67405099 -38.75846494 101.640
100_0022_0086.JPG 143.67417768 -38.75848969 101.533
100_0022_0087.JPG 143.67428332 -38.75820886 101.478
100_0022_0088.JPG 143.67438113 -38.75795468 101.553
100_0022_0089.JPG 143.67447999 -38.75769683 101.646
100_0022_0090.JPG 143.67451255 -38.75758976 101.675
100_0022_0091.JPG 143.67434911 -38.75733270 101.624
100_0022_0092.JPG 143.67420201 -38.75709693 101.704
100_0022_0093.JPG 143.67417815 -38.75707043 101.685
100_0022_0094.JPG 143.67407084 -38.75735211 101.606
100_0022_0095.JPG 143.67397327 -38.75760767 101.651
100_0022_0096.JPG 143.67387745 -38.75786113 101.689
100_0022_0097.JPG 143.67377986 -38.75812005 101.691
100_0022_0098.JPG 143.67368435 -38.75837485 101.625
100_0022_0099.JPG 143.67363464 -38.75848814 101.582
100_0022_0100.JPG 143.67327057 -38.75840943 101.554
100_0022_0101.JPG 143.67314708 -38.75837712 101.519
100_0022_0102.JPG 143.67325051 -38.75809664 101.670
100_0022_0103.JPG 143.67334649 -38.75783970 101.665
100_0022_0104.JPG 143.67344282 -38.75758364 101.677
100_0022_0105.JPG 143.67354078 -38.75732337 101.659
100_0022_0106.JPG 143.67363825 -38.75706918 101.706
100_0022_0107.JPG 143.67366150 -38.75699018 101.606
100_0022_0108.JPG 143.67332767 -38.75694023 101.618
100_0022_0109.JPG 143.67318836 -38.75684330 101.604
100_0022_0110.JPG 143.67308074 -38.75712676 101.567
100_0022_0111.JPG 143.67298459 -38.75738167 101.724
100_0022_0112.JPG 143.67288793 -38.75763818 101.728
100_0022_0113.JPG 143.67279036 -38.75789676 101.712
100_0022_0114.JPG 143.67269414 -38.75815003 101.728
100_0022_0115.JPG 143.67267494 -38.75817695 101.579
100_0022_0116.JPG 143.67234878 -38.75803529 101.499
100_0022_0117.JPG 143.67222247 -38.75797339 101.517
100_0022_0118.JPG 143.67232819 -38.75769533 101.576
100_0022_0119.JPG 143.67242329 -38.75743959 101.679
100_0022_0120.JPG 143.67252149 -38.75718055 101.696
100_0022_0121.JPG 143.67261859 -38.75692457 101.677
100_0022_0122.JPG 143.67271723 -38.75666515 101.652
100_0022_0123.JPG 143.67275866 -38.75653596 101.624
100_0022_0124.JPG 143.67248100 -38.75634155 101.583
100_0022_0125.JPG 143.67233831 -38.75624972 101.653
100_0022_0126.JPG 143.67223097 -38.75653030 101.594
100_0022_0127.JPG 143.67213437 -38.75678535 101.700
100_0022_0128.JPG 143.67203637 -38.75704152 101.648
100_0022_0129.JPG 143.67194010 -38.75729751 101.696
100_0022_0130.JPG 143.67184196 -38.75755604 101.661
100_0022_0131.JPG 143.67176261 -38.75775018 101.638
100_0022_0132.JPG 143.67146441 -38.75757089 101.568
100_0022_0133.JPG 143.67132993 -38.75748373 101.591
100_0022_0134.JPG 143.67143475 -38.75720458 101.614
100_0022_0135.JPG 143.67153043 -38.75694741 101.670
100_0022_0136.JPG 143.67162697 -38.75669067 101.711
100_0022_0137.JPG 143.67172358 -38.75643418 101.669
100_0022_0138.JPG 143.67182189 -38.75617682 101.661
100_0022_0139.JPG 143.67191926 -38.75592093 101.642
100_0022_0140.JPG 143.67196979 -38.75577446 101.663
100_0022_0141.JPG 143.67182454 -38.75551111 101.546
100_0022_0142.JPG 143.67169210 -38.75526620 101.668
100_0022_0143.JPG 143.67165290 -38.75520617 101.646
100_0022_0144.JPG 143.67154499 -38.75549002 101.495
100_0022_0145.JPG 143.67144990 -38.75574309 101.608
100_0022_0146.JPG 143.67135336 -38.75600170 101.740
100_0022_0147.JPG 143.67125435 -38.75625788 101.556
100_0022_0148.JPG 143.67115883 -38.75651333 101.683
100_0022_0149.JPG 143.67106136 -38.75677372 101.698
100_0022_0150.JPG 143.67096387 -38.75703036 101.692
100_0022_0151.JPG 143.67093036 -38.75711043 101.561
100_0022_0152.JPG 143.67077033 -38.75684251 101.596
100_0022_0153.JPG 143.67062741 -38.75660136 101.697
100_0022_0154.JPG 143.67060312 -38.75655083 101.636
100_0022_0155.JPG 143.67070825 -38.75627617 101.626
100_0022_0156.JPG 143.67080546 -38.75602012 101.704
100_0022_0157.JPG 143.67090242 -38.75576100 101.679
100_0022_0158.JPG 143.67099879 -38.75550634 101.682
100_0022_0159.JPG 143.67109666 -38.75524754 101.672
100_0022_0160.JPG 143.67119510 -38.75499012 101.650
100_0022_0161.JPG 143.67129144 -38.75473455 101.645
100_0022_0162.JPG 143.67132121 -38.75464389 101.639
100_0022_0163.JPG 143.67094142 -38.75466696 101.591
100_0022_0164.JPG 143.67077187 -38.75468338 101.560
100_0022_0165.JPG 143.67066844 -38.75496357 101.529
100_0022_0166.JPG 143.67057346 -38.75521845 101.655
100_0022_0167.JPG 143.67047566 -38.75547480 101.679
100_0022_0168.JPG 143.67037762 -38.75573229 101.698
100_0022_0169.JPG 143.67030995 -38.75590291 101.549
100_0022_0170.JPG 143.67022144 -38.75561365 101.514
100_0022_0171.JPG 143.67014278 -38.75535414 101.656
100_0022_0172.JPG 143.67007111 -38.75510840 101.666
100_0022_0173.JPG 143.67017769 -38.75483695 101.594
100_0023_0001.JPG 143.67448060 -38.75906381 103.286
100_0023_0002.JPG 143.67477173 -38.75926627 103.325
100_0023_0003.JPG 143.67504597 -38.75946553 103.715
100_0023_0004.JPG 143.67515071 -38.75953697 103.703
100_0023_0005.JPG 143.67552487 -38.75960944 103.256
100_0023_0006.JPG 143.67589058 -38.75969714 103.588
100_0023_0007.JPG 143.67623578 -38.75977436 103.690
100_0023_0008.JPG 143.67643728 -38.75981675 103.307
100_0023_0009.JPG 143.67613237 -38.75959809 103.323
100_0023_0010.JPG 143.67585990 -38.75940503 103.456
100_0023_0011.JPG 143.67559128 -38.75921449 103.521
100_0023_0012.JPG 143.67532011 -38.75902068 103.557
100_0023_0013.JPG 143.67505221 -38.75882874 103.516
100_0023_0014.JPG 143.67477780 -38.75863251 103.468
100_0023_0015.JPG 143.67452201 -38.75844831 103.571
100_0023_0016.JPG 143.67446219 -38.75840008 103.413
100_0023_0017.JPG 143.67445406 -38.75808478 103.463
100_0023_0018.JPG 143.67444872 -38.75781113 103.503
100_0023_0019.JPG 143.67445290 -38.75776257 103.501
100_0023_0020.JPG 143.67475110 -38.75796487 103.386
100_0023_0021.JPG 143.67502823 -38.75816452 103.618
100_0023_0022.JPG 143.67529704 -38.75835710 103.691
100_0023_0023.JPG 143.67556974 -38.75855086 103.579
100_0023_0024.JPG 143.67583944 -38.75874284 103.481
100_0023_0025.JPG 143.67611099 -38.75893594 103.549
100_0023_0026.JPG 143.67637987 -38.75912720 103.541
100_0023_0027.JPG 143.67665138 -38.75932219 103.566
100_0023_0028.JPG 143.67692077 -38.75951335 103.529
100_0023_0029.JPG 143.67719064 -38.75970630 103.547
100_0023_0030.JPG 143.67745927 -38.75989730 103.479
100_0023_0031.JPG 143.67773144 -38.76009218 103.508
100_0023_0032.JPG 143.67800198 -38.76028478 103.451
100_0023_0033.JPG 143.67826990 -38.76047630 103.504
100_0023_0034.JPG 143.67843136 -38.76058905 103.444
100_0023_0035.JPG 143.67882679 -38.76060586 103.222
100_0023_0036.JPG 143.67919702 -38.76063110 103.658
100_0023_0037.JPG 143.67938877 -38.76063876 103.310
100_0023_0038.JPG 143.67908641 -38.76042237 103.379
100_0023_0039.JPG 143.67881690 -38.76023201 103.402
100_0023_0040.JPG 143.67854534 -38.76003796 103.451
100_0023_0041.JPG 143.67827378 -38.75984504 103.539
100_0023_0042.JPG 143.67800513 -38.75965329 103.535
100_0023_0043.JPG 143.67773318 -38.75945966 103.542
100_0023_0044.JPG 143.67746443 -38.75926910 103.493
100_0023_0045.JPG 143.67719126 -38.75907536 103.485
100_0023_0046.JPG 143.67691985 -38.75888254 103.486
100_0023_0047.JPG 143.67665071 -38.75869113 103.507
100_0023_0048.JPG 143.67637885 -38.75849684 103.453
100_0023_0049.JPG 143.67611016 -38.75830423 103.460
100_0023_0050.JPG 143.67583519 -38.75810838 103.504
100_0023_0051.JPG 143.67556699 -38.75791804 103.475
100_0023_0052.JPG 143.67529588 -38.75772552 103.459
100_0023_0053.JPG 143.67502766 -38.75753484 103.449
100_0023_0054.JPG 143.67475453 -38.75734188 103.488
100_0023_0055.JPG 143.67449392 -38.75715854 103.574
100_0023_0056.JPG 143.67443665 -38.75711161 103.422
100_0023_0057.JPG 143.67482610 -38.75701517 103.471
100_0023_0058.JPG 143.67510677 -38.75695524 103.516
100_0023_0059.JPG 143.67540218 -38.75715741 103.376
100_0023_0060.JPG 143.67567936 -38.75735655 103.623
100_0023_0061.JPG 143.67595007 -38.75755253 103.651
100_0023_0062.JPG 143.67622195 -38.75774651 103.570
100_0023_0063.JPG 143.67649066 -38.75793727 103.525
100_0023_0064.JPG 143.67676095 -38.75812913 103.481
100_0023_0065.JPG 143.67702935 -38.75831988 103.485
100_0023_0066.JPG 143.67730508 -38.75851695 103.552
100_0023_0067.JPG 143.67757559 -38.75870883 103.527
100_0023_0068.JPG 143.67784640 -38.75890175 103.511
100_0023_0069.JPG 143.67811399 -38.75909277 103.491
100_0023_0070.JPG 143.67838626 -38.75928732 103.503
100_0023_0071.JPG 143.67865818 -38.75948022 103.481
100_0023_0072.JPG 143.67892987 -38.75967375 103.480
100_0023_0073.JPG 143.67919896 -38.75986492 103.486
100_0023_0074.JPG 143.67947015 -38.76005791 103.476
100_0023_0075.JPG 143.67973893 -38.76024917 103.519
100_0023_0076.JPG 143.68001012 -38.76044218 103.508
100_0023_0077.JPG 143.68024108 -38.76060595 103.336
100_0023_0078.JPG 143.68010610 -38.76029856 103.405
100_0023_0079.JPG 143.67998677 -38.76002781 103.449
100_0023_0080.JPG 143.67987244 -38.75976720 103.524
100_0023_0081.JPG 143.67982968 -38.75968177 103.444
100_0023_0082.JPG 143.67953098 -38.75947030 103.407
100_0023_0083.JPG 143.67926180 -38.75928034 103.443
100_0023_0084.JPG 143.67899161 -38.75908730 103.499
100_0023_0085.JPG 143.67871991 -38.75889347 103.515
100_0023_0086.JPG 143.67845167 -38.75870235 103.484
100_0023_0087.JPG 143.67818257 -38.75851034 103.491
100_0023_0088.JPG 143.67791045 -38.75831665 103.506
100_0023_0089.JPG 143.67763773 -38.75812271 103.528
100_0023_0090.JPG 143.67737014 -38.75793257 103.502
100_0023_0091.JPG 143.67709837 -38.75773935 103.469
100_0023_0092.JPG 143.67682835 -38.75754791 103.505
100_0023_0093.JPG 143.67655592 -38.75735393 103.529
100_0023_0094.JPG 143.67628690 -38.75716283 103.509
100_0023_0095.JPG 143.67601434 -38.75696947 103.537
100_0023_0096.JPG 143.67584832 -38.75684601 103.404
100_0023_0097.JPG 143.67624943 -38.75678271 103.473
100_0023_0098.JPG 143.67657781 -38.75673743 103.535
100_0023_0099.JPG 143.67660280 -38.75675612 103.385
100_0023_0100.JPG 143.67688061 -38.75694218 103.428
100_0023_0101.JPG 143.67715568 -38.75714071 103.588
100_0023_0102.JPG 143.67742748 -38.75733694 103.656
100_0023_0103.JPG 143.67769830 -38.75753027 103.603
100_0023_0104.JPG 143.67796821 -38.75772183 103.539
100_0023_0105.JPG 143.67823895 -38.75791492 103.571
100_0023_0106.JPG 143.67851163 -38.75810931 103.531
100_0023_0107.JPG 143.67877949 -38.75829950 103.479
100_0023_0108.JPG 143.67904939 -38.75849042 103.490
100_0023_0109.JPG 143.67932030 -38.75868242 103.507
100_0023_0110.JPG 143.67959376 -38.75887708 103.524
100_0023_0111.JPG 143.67979521 -38.75901794 103.368
100_0023_0112.JPG 143.67981307 -38.75869516 103.339
100_0023_0113.JPG 143.67982629 -38.75842959 103.401
100_0023_0114.JPG 143.67982200 -38.75840426 103.438
100_0023_0115.JPG 143.67951927 -38.75818743 103.470
100_0023_0116.JPG 143.67924936 -38.75799630 103.467
100_0023_0117.JPG 143.67897957 -38.75780487 103.551
100_0023_0118.JPG 143.67871075 -38.75761453 103.549
100_0023_0119.JPG 143.67843692 -38.75742009 103.505
100_0023_0120.JPG 143.67816656 -38.75722771 103.519
100_0023_0121.JPG 143.67789886 -38.75703743 103.556
100_0023_0122.JPG 143.67762645 -38.75684384 103.507
100_0023_0123.JPG 143.67736828 -38.75666122 103.469
100_0023_0124.JPG 143.67732670 -38.75662494 103.363
100_0023_0125.JPG 143.67772593 -38.75656091 103.456
100_0023_0126.JPG 143.67805662 -38.75651371 103.534
100_0023_0127.JPG 143.67808105 -38.75653243 103.368
100_0023_0128.JPG 143.67835839 -38.75671628 103.428
100_0023_0129.JPG 143.67863496 -38.75691324 103.637
100_0023_0130.JPG 143.67890458 -38.75710970 103.665
100_0023_0131.JPG 143.67918125 -38.75730874 103.629
100_0023_0132.JPG 143.67942874 -38.75749023 103.647
100_0023_0133.JPG 143.67943766 -38.75751678 103.407
100_0023_0134.JPG 143.67950493 -38.75779269 103.259
100_0023_0135.JPG 143.67957494 -38.75808137 103.576
100_0023_0136.JPG 143.67964020 -38.75836548 103.630
100_0023_0137.JPG 143.67970491 -38.75864950 103.605
100_0023_0138.JPG 143.67977017 -38.75892962 103.609
100_0023_0139.JPG 143.67983727 -38.75921735 103.573
100_0023_0140.JPG 143.67990333 -38.75949507 103.543
100_0023_0141.JPG 143.67996956 -38.75977479 103.526
100_0023_0142.JPG 143.68003616 -38.76005610 103.565
100_0023_0143.JPG 143.68007157 -38.76024483 103.490
100_0023_0144.JPG 143.67980542 -38.76046997 103.264
100_0023_0145.JPG 143.67957446 -38.76065810 103.510
100_0023_0146.JPG 143.67917422 -38.76063159 103.265
100_0023_0147.JPG 143.67883770 -38.76061115 103.479
100_0023_0148.JPG 143.67882910 -38.76060502 103.340
100_0023_0149.JPG 143.67910657 -38.76036551 103.530
100_0023_0150.JPG 143.67935389 -38.76015719 103.626
100_0023_0151.JPG 143.67959853 -38.75994647 103.563
100_0023_0152.JPG 143.67982885 -38.75975143 103.488
100_0023_0153.JPG 143.67985019 -38.75972490 103.325
100_0023_0154.JPG 143.67976058 -38.75951342 103.407
100_0023_0155.JPG 143.67978091 -38.75921432 103.486
100_0023_0156.JPG 143.67978295 -38.75909726 103.464
100_0023_0157.JPG 143.67951003 -38.75932403 103.293
100_0023_0158.JPG 143.67925680 -38.75954147 103.513
100_0023_0159.JPG 143.67901182 -38.75975288 103.566
100_0023_0160.JPG 143.67876119 -38.75996795 103.513
100_0023_0161.JPG 143.67851472 -38.76018024 103.573
100_0023_0162.JPG 143.67827004 -38.76038969 103.507
100_0023_0163.JPG 143.67805505 -38.76056676 103.337
100_0023_0164.JPG 143.67769574 -38.76042743 103.423
100_0023_0165.JPG 143.67750722 -38.76034760 103.416
100_0023_0166.JPG 143.67778313 -38.76010768 103.462
100_0023_0167.JPG 143.67802792 -38.75989924 103.508
100_0023_0168.JPG 143.67827330 -38.75968972 103.594
100_0023_0169.JPG 143.67852402 -38.75947607 103.642
100_0023_0170.JPG 143.67877113 -38.75926486 103.611
100_0023_0171.JPG 143.67901667 -38.75905558 103.597
100_0023_0172.JPG 143.67926388 -38.75884345 103.546
100_0023_0173.JPG 143.67950933 -38.75863347 103.524
100_0023_0174.JPG 143.67975381 -38.75842666 103.555
100_0023_0175.JPG 143.67982251 -38.75835902 103.335
100_0023_0176.JPG 143.67971867 -38.75805132 103.444
100_0023_0177.JPG 143.67963812 -38.75783057 103.453
100_0023_0178.JPG 143.67936372 -38.75805446 103.362
100_0023_0179.JPG 143.67911078 -38.75827298 103.557
100_0023_0180.JPG 143.67886654 -38.75848378 103.590
100_0023_0181.JPG 143.67861904 -38.75869642 103.530
100_0023_0182.JPG 143.67837119 -38.75890806 103.517
100_0023_0183.JPG 143.67812594 -38.75911785 103.495
100_0023_0184.JPG 143.67787836 -38.75932840 103.451
100_0023_0185.JPG 143.67763136 -38.75954000 103.446
100_0023_0186.JPG 143.67738413 -38.75975342 103.455
100_0023_0187.JPG 143.67713704 -38.75996464 103.559
100_0023_0188.JPG 143.67699224 -38.76008126 103.334
100_0023_0189.JPG 143.67665919 -38.75990596 103.384
100_0023_0190.JPG 143.67650484 -38.75982710 103.469
100_0023_0191.JPG 143.67648323 -38.75982127 103.436
100_0023_0192.JPG 143.67676697 -38.75958395 103.517
100_0023_0193.JPG 143.67701335 -38.75937303 103.570
100_0023_0194.JPG 143.67725926 -38.75916175 103.587
100_0023_0195.JPG 143.67750787 -38.75894860 103.677
100_0023_0196.JPG 143.67775309 -38.75873856 103.662
100_0023_0197.JPG 143.67799953 -38.75852636 103.600
100_0023_0198.JPG 143.67824672 -38.75831415 103.570
100_0023_0199.JPG 143.67849163 -38.75810494 103.537
100_0023_0200.JPG 143.67874475 -38.75789065 103.534
100_0023_0201.JPG 143.67898881 -38.75768136 103.485
100_0023_0202.JPG 143.67923464 -38.75747238 103.560
100_0023_0203.JPG 143.67934775 -38.75736837 103.327
100_0023_0204.JPG 143.67916311 -38.75708586 103.386
100_0023_0205.JPG 143.67905525 -38.75693301 103.396
100_0023_0206.JPG 143.67877897 -38.75716178 103.321
100_0023_0207.JPG 143.67852792 -38.75737830 103.536
100_0023_0208.JPG 143.67827961 -38.75759122 103.572
100_0023_0209.JPG 143.67803545 -38.75779974 103.521
100_0023_0210.JPG 143.67778675 -38.75801179 103.537
100_0023_0211.JPG 143.67754055 -38.75822268 103.578
100_0023_0212.JPG 143.67729296 -38.75843505 103.539
100_0023_0213.JPG 143.67704700 -38.75864484 103.521
100_0023_0214.JPG 143.67679868 -38.75885762 103.540
100_0023_0215.JPG 143.67655038 -38.75906989 103.491
100_0023_0216.JPG 143.67630598 -38.75927880 103.454
100_0023_0217.JPG 143.67605810 -38.75949006 103.487
100_0023_0218.JPG 143.67583280 -38.75967694 103.425
100_0023_0219.JPG 143.67544847 -38.75958768 103.266
100_0023_0220.JPG 143.67520165 -38.75952638 103.437
100_0023_0221.JPG 143.67547796 -38.75928752 103.445
100_0023_0222.JPG 143.67572338 -38.75907850 103.463
100_0023_0223.JPG 143.67597035 -38.75886710 103.532
100_0023_0224.JPG 143.67621454 -38.75865791 103.601
100_0023_0225.JPG 143.67646529 -38.75844379 103.614
100_0023_0226.JPG 143.67671226 -38.75823323 103.608
100_0023_0227.JPG 143.67695533 -38.75802495 103.560
100_0023_0228.JPG 143.67720315 -38.75781250 103.556
100_0023_0229.JPG 143.67744847 -38.75760217 103.535
100_0023_0230.JPG 143.67769862 -38.75738814 103.486
100_0023_0231.JPG 143.67794289 -38.75717940 103.513
100_0023_0232.JPG 143.67819137 -38.75696697 103.531
100_0023_0233.JPG 143.67843697 -38.75675687 103.508
100_0023_0234.JPG 143.67868369 -38.75655000 103.605
100_0023_0235.JPG 143.67875905 -38.75647955 103.280
100_0023_0236.JPG 143.67834922 -38.75650225 103.296
100_0023_0237.JPG 143.67798898 -38.75652890 103.673
100_0023_0238.JPG 143.67787483 -38.75654052 103.458
100_0023_0239.JPG 143.67760469 -38.75676753 103.244
100_0023_0240.JPG 143.67735468 -38.75698485 103.555
100_0023_0241.JPG 143.67710883 -38.75719432 103.641
100_0023_0242.JPG 143.67685925 -38.75740818 103.623
100_0023_0243.JPG 143.67661565 -38.75761696 103.516
100_0023_0244.JPG 143.67636655 -38.75782853 103.491
100_0023_0245.JPG 143.67611766 -38.75804186 103.485
100_0023_0246.JPG 143.67587331 -38.75825123 103.446
100_0023_0247.JPG 143.67562552 -38.75846309 103.462
100_0023_0248.JPG 143.67537893 -38.75867275 103.387
100_0023_0249.JPG 143.67513197 -38.75888447 103.391
100_0023_0250.JPG 143.67487973 -38.75909931 103.425
100_0023_0251.JPG 143.67463770 -38.75930838 103.526
100_0023_0252.JPG 143.67454500 -38.75938192 103.401
100_0023_0253.JPG 143.67450374 -38.75906188 103.457
100_0023_0254.JPG 143.67447005 -38.75879465 103.566
100_0023_0255.JPG 143.67447062 -38.75875423 103.462
100_0023_0256.JPG 143.67474709 -38.75851673 103.452
100_0023_0257.JPG 143.67499182 -38.75830770 103.445
100_0023_0258.JPG 143.67523936 -38.75809565 103.561
100_0023_0259.JPG 143.67548399 -38.75788621 103.590
100_0023_0260.JPG 143.67573216 -38.75767390 103.567
100_0023_0261.JPG 143.67597699 -38.75746456 103.502
100_0023_0262.JPG 143.67622395 -38.75725272 103.493
100_0023_0263.JPG 143.67647228 -38.75704074 103.504
100_0023_0264.JPG 143.67671797 -38.75683122 103.566
100_0023_0265.JPG 143.67687895 -38.75668969 103.319
100_0023_0266.JPG 143.67648517 -38.75674328 103.293
100_0023_0267.JPG 143.67611692 -38.75680051 103.614
100_0023_0268.JPG 143.67589116 -38.75683889 103.519
100_0023_0269.JPG 143.67563224 -38.75706122 103.201
100_0023_0270.JPG 143.67537732 -38.75727798 103.458
100_0023_0271.JPG 143.67512689 -38.75749553 103.585
100_0023_0272.JPG 143.67488113 -38.75770495 103.507
100_0023_0273.JPG 143.67463762 -38.75791266 103.423
100_0023_0274.JPG 143.67444802 -38.75807007 103.310
100_0023_0275.JPG 143.67444150 -38.75774680 103.392
100_0023_0276.JPG 143.67443495 -38.75747017 103.519
100_0023_0277.JPG 143.67443841 -38.75738755 103.447
100_0023_0278.JPG 143.67471011 -38.75715526 103.454
100_0009_0001.JPG 143.67166634 -38.75039524 102.646
100_0009_0002.JPG 143.67162053 -38.75034688 102.558
100_0009_0003.JPG 143.67125655 -38.75029083 102.056
100_0009_0004.JPG 143.67092785 -38.75023803 102.209
100_0009_0005.JPG 143.67087301 -38.75023212 102.353
100_0009_0006.JPG 143.67110098 -38.75046757 101.777
100_0009_0007.JPG 143.67130586 -38.75067813 102.229
100_0009_0008.JPG 143.67150902 -38.75088729 102.695
100_0009_0009.JPG 143.67152171 -38.75090887 102.809
100_0009_0010.JPG 143.67143663 -38.75118690 101.760
100_0009_0011.JPG 143.67136544 -38.75140631 102.181
100_0009_0012.JPG 143.67113865 -38.75117120 102.220
100_0009_0013.JPG 143.67093278 -38.75095796 102.037
100_0009_0014.JPG 143.67072232 -38.75074168 101.887
100_0009_0015.JPG 143.67051279 -38.75052564 101.877
100_0009_0016.JPG 143.67030566 -38.75031290 101.838
100_0009_0017.JPG 143.67019949 -38.75021238 101.979
100_0009_0018.JPG 143.67009819 -38.75049590 101.306
100_0009_0019.JPG 143.67003637 -38.75070984 102.091
100_0009_0020.JPG 143.67026266 -38.75093657 101.073
100_0009_0021.JPG 143.67047175 -38.75115306 101.186
100_0009_0022.JPG 143.67067829 -38.75136435 101.617
100_0009_0023.JPG 143.67088538 -38.75157718 102.040
100_0009_0024.JPG 143.67109470 -38.75179205 102.261
100_0009_0025.JPG 143.67121865 -38.75192744 102.471
100_0009_0026.JPG 143.67113072 -38.75220851 101.598
100_0009_0027.JPG 143.67111437 -38.75227900 101.790
100_0009_0028.JPG 143.67113543 -38.75250305 102.036
100_0009_0029.JPG 143.67090598 -38.75226443 102.093
100_0009_0030.JPG 143.67070059 -38.75205382 102.202
100_0009_0031.JPG 143.67049071 -38.75184039 102.323
100_0009_0032.JPG 143.67028273 -38.75162670 102.378
100_0009_0033.JPG 143.67007654 -38.75141361 102.575
100_0009_0034.JPG 143.66987871 -38.75121033 102.212
100_0009_0035.JPG 143.66986555 -38.75120446 102.102
100_0009_0036.JPG 143.66981468 -38.75149650 101.321
100_0009_0037.JPG 143.66977571 -38.75175504 102.076
100_0009_0038.JPG 143.66978013 -38.75177857 102.225
100_0009_0039.JPG 143.67000418 -38.75200471 101.513
100_0009_0040.JPG 143.67021306 -38.75221972 101.959
100_0009_0041.JPG 143.67041846 -38.75243184 102.241
100_0009_0042.JPG 143.67062699 -38.75264508 102.333
100_0009_0043.JPG 143.67083478 -38.75285706 102.334
100_0009_0044.JPG 143.67104252 -38.75307058 102.490
100_0009_0045.JPG 143.67121436 -38.75325372 102.816
100_0009_0046.JPG 143.67123811 -38.75353568 101.873
100_0009_0047.JPG 143.67124860 -38.75366009 101.895
100_0009_0048.JPG 143.67128458 -38.75392511 102.334
100_0009_0049.JPG 143.67128834 -38.75399084 102.519
100_0009_0050.JPG 143.67105983 -38.75375540 102.087
100_0009_0051.JPG 143.67085460 -38.75354512 101.989
100_0009_0052.JPG 143.67064589 -38.75333004 101.798
100_0009_0053.JPG 143.67043562 -38.75311449 101.737
100_0009_0054.JPG 143.67022806 -38.75290136 101.860
100_0009_0055.JPG 143.67002090 -38.75268804 101.907
100_0009_0056.JPG 143.66981451 -38.75247476 101.864
100_0009_0057.JPG 143.66967998 -38.75234491 101.986
100_0009_0058.JPG 143.66968307 -38.75263529 101.428
100_0009_0059.JPG 143.66968474 -38.75290815 101.815
100_0009_0060.JPG 143.66969307 -38.75302242 101.951
100_0009_0061.JPG 143.66991799 -38.75324623 101.254
100_0009_0062.JPG 143.67012480 -38.75346034 101.655
100_0009_0063.JPG 143.67033144 -38.75367241 102.060
100_0009_0064.JPG 143.67053981 -38.75388761 102.348
100_0009_0065.JPG 143.67074722 -38.75410178 102.800
100_0009_0066.JPG 143.67095346 -38.75431329 103.115
100_0009_0067.JPG 143.67116146 -38.75452791 103.040
100_0009_0068.JPG 143.67135541 -38.75472666 103.055
100_0009_0069.JPG 143.67134005 -38.75473136 102.762
100_0009_0070.JPG 143.67098234 -38.75479353 101.707
100_0009_0071.JPG 143.67079653 -38.75482279 101.971
100_0009_0072.JPG 143.67057047 -38.75458640 101.731
100_0009_0073.JPG 143.67036299 -38.75437218 102.084
100_0009_0074.JPG 143.67015760 -38.75416046 102.342
100_0009_0075.JPG 143.66994900 -38.75394564 102.499
100_0009_0076.JPG 143.66976302 -38.75375964 102.325
100_0009_0077.JPG 143.66981337 -38.75404977 101.606
100_0009_0078.JPG 143.66985824 -38.75431929 102.247
100_0009_0079.JPG 143.66990313 -38.75457510 102.884
100_0009_0080.JPG 143.67013534 -38.75479948 101.755
100_0009_0081.JPG 143.67024362 -38.75492518 102.515
100_0009_0082.JPG 143.67021353 -38.75492329 102.327
100_0009_0083.JPG 143.67052525 -38.75474777 101.985
100_0009_0084.JPG 143.67079423 -38.75458736 102.217
100_0009_0085.JPG 143.67106880 -38.75442492 102.373
100_0009_0086.JPG 143.67132534 -38.75427457 102.100
100_0009_0087.JPG 143.67132791 -38.75425251 102.052
100_0009_0088.JPG 143.67129140 -38.75397304 102.149
100_0009_0089.JPG 143.67126266 -38.75381132 102.222
100_0009_0090.JPG 143.67096293 -38.75398001 101.662
100_0009_0091.JPG 143.67068818 -38.75414475 101.903
100_0009_0092.JPG 143.67041513 -38.75430398 102.169
100_0009_0093.JPG 143.67014110 -38.75446512 102.202
100_0009_0094.JPG 143.66990938 -38.75459694 102.600
100_0009_0095.JPG 143.66985681 -38.75430199 102.305
100_0009_0096.JPG 143.66983443 -38.75414109 102.600
100_0009_0097.JPG 143.67013256 -38.75396437 102.558
100_0009_0098.JPG 143.67040526 -38.75380339 102.655
100_0009_0099.JPG 143.67067661 -38.75364348 102.757
100_0009_0100.JPG 143.67095156 -38.75348111 102.781
100_0009_0101.JPG 143.67120722 -38.75333030 102.891
100_0009_0102.JPG 143.67121080 -38.75330792 102.839
100_0009_0103.JPG 143.67118616 -38.75302646 102.677
100_0009_0104.JPG 143.67116261 -38.75285424 102.627
100_0009_0105.JPG 143.67086234 -38.75302551 101.815
100_0009_0106.JPG 143.67058514 -38.75319238 102.144
100_0009_0107.JPG 143.67031313 -38.75335280 102.245
100_0009_0108.JPG 143.67004111 -38.75351400 102.100
100_0009_0109.JPG 143.66977375 -38.75367404 102.365
100_0009_0110.JPG 143.66974717 -38.75368287 102.424
100_0009_0111.JPG 143.66971679 -38.75338746 101.976
100_0009_0112.JPG 143.66970566 -38.75320760 102.113
100_0009_0113.JPG 143.67000429 -38.75302988 102.003
100_0009_0114.JPG 143.67027742 -38.75286880 101.813
100_0009_0115.JPG 143.67055000 -38.75270771 101.705
100_0009_0116.JPG 143.67082394 -38.75254571 101.735
100_0009_0117.JPG 143.67109039 -38.75238888 101.830
100_0009_0118.JPG 143.67112088 -38.75236453 101.851
100_0009_0119.JPG 143.67111136 -38.75224348 102.067
100_0009_0120.JPG 143.67119728 -38.75197031 102.001
100_0009_0121.JPG 143.67124297 -38.75179525 102.003
100_0009_0122.JPG 143.67094123 -38.75196677 101.089
100_0009_0123.JPG 143.67066695 -38.75213160 101.292
100_0009_0124.JPG 143.67039565 -38.75229289 101.462
100_0009_0125.JPG 143.67011997 -38.75245598 101.724
100_0009_0126.JPG 143.66984562 -38.75261850 101.729
100_0009_0127.JPG 143.66966183 -38.75272300 101.960
100_0009_0128.JPG 143.66968294 -38.75242660 101.444
100_0009_0129.JPG 143.66970561 -38.75219572 101.693
100_0009_0130.JPG 143.67000594 -38.75201848 101.380
100_0009_0131.JPG 143.67027539 -38.75185921 101.523
100_0009_0132.JPG 143.67055095 -38.75169648 101.585
100_0009_0133.JPG 143.67082633 -38.75153408 101.586
100_0009_0134.JPG 143.67109913 -38.75137288 101.759
100_0009_0135.JPG 143.67137164 -38.75121221 101.857
100_0009_0136.JPG 143.67143782 -38.75116681 101.745
100_0009_0137.JPG 143.67151948 -38.75088375 101.599
100_0009_0138.JPG 143.67159470 -38.75063030 101.379
100_0009_0139.JPG 143.67160710 -38.75057020 101.365
100_0009_0140.JPG 143.67130416 -38.75074279 100.500
100_0009_0141.JPG 143.67103147 -38.75090684 101.182
100_0009_0142.JPG 143.67075727 -38.75106862 101.286
100_0009_0143.JPG 143.67048415 -38.75123028 101.426
100_0009_0144.JPG 143.67021023 -38.75139157 101.260
100_0009_0145.JPG 143.66993808 -38.75155130 101.084
100_0009_0146.JPG 143.66979398 -38.75163326 101.040
100_0009_0147.JPG 143.66984979 -38.75134069 100.965
100_0009_0148.JPG 143.66989829 -38.75108715 101.226
100_0009_0149.JPG 143.66990987 -38.75106292 101.293
100_0009_0150.JPG 143.67020800 -38.75088759 101.184
100_0009_0151.JPG 143.67047879 -38.75072810 101.233
100_0009_0152.JPG 143.67075110 -38.75056766 101.222
100_0009_0153.JPG 143.67102640 -38.75040539 101.274
100_0009_0154.JPG 143.67122340 -38.75028481 101.445
100_0009_0155.JPG 143.67085449 -38.75022218 100.809
100_0009_0156.JPG 143.67055233 -38.75018007 101.010
100_0009_0157.JPG 143.67025697 -38.75035181 100.201
100_0010_0001.JPG 143.67305213 -38.74506732 103.049
100_0010_0002.JPG 143.67271160 -38.74519331 102.397
100_0010_0003.JPG 143.67259689 -38.74523990 102.753
100_0010_0004.JPG 143.67242242 -38.74549322 101.928
100_0010_0005.JPG 143.67229881 -38.74566966 102.099
100_0010_0006.JPG 143.67218648 -38.74583756 102.498
100_0010_0007.JPG 143.67253144 -38.74570843 102.725
100_0010_0008.JPG 143.67283745 -38.74559439 103.038
100_0010_0009.JPG 143.67315050 -38.74547728 103.160
100_0010_0010.JPG 143.67345943 -38.74536278 103.373
100_0010_0011.JPG 143.67354076 -38.74533950 103.492
100_0010_0012.JPG 143.67363915 -38.74562390 102.208
100_0010_0013.JPG 143.67366593 -38.74573431 102.600
100_0010_0014.JPG 143.67332802 -38.74585931 102.022
100_0010_0015.JPG 143.67301891 -38.74597336 102.339
100_0010_0016.JPG 143.67270673 -38.74608913 102.788
100_0010_0017.JPG 143.67239914 -38.74620313 102.937
100_0010_0018.JPG 143.67208904 -38.74631728 103.104
100_0010_0019.JPG 143.67178406 -38.74643027 103.385
100_0010_0020.JPG 143.67173508 -38.74645207 103.513
100_0010_0021.JPG 143.67155881 -38.74670189 101.983
100_0010_0022.JPG 143.67139261 -38.74693670 102.025
100_0010_0023.JPG 143.67131835 -38.74704911 102.643
100_0010_0024.JPG 143.67166197 -38.74692053 102.557
100_0010_0025.JPG 143.67196771 -38.74680706 102.743
100_0010_0026.JPG 143.67227734 -38.74669268 103.152
100_0010_0027.JPG 143.67258973 -38.74657691 103.246
100_0010_0028.JPG 143.67289943 -38.74646173 103.286
100_0010_0029.JPG 143.67319654 -38.74635177 103.151
100_0010_0030.JPG 143.67322027 -38.74634635 103.032
100_0010_0031.JPG 143.67303457 -38.74660396 102.076
100_0010_0032.JPG 143.67286539 -38.74683669 102.542
100_0010_0033.JPG 143.67281281 -38.74691019 102.541
100_0010_0034.JPG 143.67277031 -38.74696414 102.344
100_0010_0035.JPG 143.67244099 -38.74707889 101.476
100_0010_0036.JPG 143.67213011 -38.74719577 101.900
100_0010_0037.JPG 143.67182103 -38.74731163 102.467
100_0010_0038.JPG 143.67151274 -38.74742769 102.549
100_0010_0039.JPG 143.67120395 -38.74754306 102.792
100_0010_0040.JPG 143.67100652 -38.74762099 102.981
100_0010_0041.JPG 143.67089934 -38.74789828 101.874
100_0010_0042.JPG 143.67080030 -38.74813656 102.939
100_0010_0043.JPG 143.67081198 -38.74813553 102.876
100_0010_0044.JPG 143.67114837 -38.74801050 102.556
100_0010_0045.JPG 143.67145507 -38.74789621 102.812
100_0010_0046.JPG 143.67176663 -38.74777999 102.852
100_0010_0047.JPG 143.67207825 -38.74766416 102.933
100_0010_0048.JPG 143.67236230 -38.74755778 102.861
100_0010_0049.JPG 143.67236170 -38.74756554 102.774
100_0010_0050.JPG 143.67218828 -38.74782033 101.960
100_0010_0051.JPG 143.67213254 -38.74790904 102.077
100_0010_0052.JPG 143.67207187 -38.74811715 102.297
100_0010_0053.JPG 143.67173505 -38.74823753 101.636
100_0010_0054.JPG 143.67142596 -38.74835374 101.850
100_0010_0055.JPG 143.67111739 -38.74846962 101.825
100_0010_0056.JPG 143.67080622 -38.74858617 102.507
100_0010_0057.JPG 143.67066471 -38.74864403 103.017
100_0010_0058.JPG 143.67058831 -38.74892918 101.790
100_0010_0059.JPG 143.67054070 -38.74912868 102.304
100_0010_0060.JPG 143.67087997 -38.74900355 102.247
100_0010_0061.JPG 143.67119071 -38.74888757 102.638
100_0010_0062.JPG 143.67149934 -38.74877250 102.783
100_0010_0063.JPG 143.67180743 -38.74865664 102.762
100_0010_0064.JPG 143.67192636 -38.74861742 102.434
100_0010_0065.JPG 143.67184524 -38.74890562 101.121
100_0010_0066.JPG 143.67177745 -38.74911841 101.686
100_0010_0067.JPG 143.67144126 -38.74924206 100.980
100_0010_0068.JPG 143.67113313 -38.74935718 101.195
100_0010_0069.JPG 143.67082646 -38.74947294 101.244
100_0010_0070.JPG 143.67051493 -38.74958834 101.694
100_0010_0071.JPG 143.67039493 -38.74963814 101.944
100_0010_0072.JPG 143.67031944 -38.74992365 101.108
100_0010_0073.JPG 143.67027164 -38.75012432 101.867
100_0010_0074.JPG 143.67061594 -38.74999756 101.724
100_0010_0075.JPG 143.67092247 -38.74988274 101.887
100_0010_0076.JPG 143.67123206 -38.74976740 102.191
100_0010_0077.JPG 143.67154262 -38.74965146 102.518
100_0010_0078.JPG 143.67163785 -38.74962164 102.463
100_0010_0079.JPG 143.67155697 -38.74990607 101.573
100_0010_0080.JPG 143.67148967 -38.75011836 101.918
100_0010_0081.JPG 143.67115392 -38.75024223 101.337
100_0010_0082.JPG 143.67098015 -38.75030216 101.692
100_0010_0083.JPG 143.67062241 -38.75024981 101.677
100_0010_0084.JPG 143.67055435 -38.75023360 101.753
100_0010_0085.JPG 143.67039438 -38.74997152 101.880
100_0010_0086.JPG 143.67033437 -38.74986181 101.969
100_0010_0087.JPG 143.67041044 -38.74957860 101.974
100_0010_0088.JPG 143.67048039 -38.74931802 102.030
100_0010_0089.JPG 143.67051005 -38.74923145 102.026
100_0010_0090.JPG 143.67067341 -38.74949291 101.320
100_0010_0091.JPG 143.67082168 -38.74973646 101.699
100_0010_0092.JPG 143.67096826 -38.74997577 101.964
100_0010_0093.JPG 143.67111734 -38.75021888 102.087
100_0010_0094.JPG 143.67118663 -38.75032304 102.236
100_0010_0095.JPG 143.67141920 -38.75008834 101.746
100_0010_0096.JPG 143.67153183 -38.74996650 101.687
100_0010_0097.JPG 143.67137124 -38.74970148 101.741
100_0010_0098.JPG 143.67122432 -38.74946211 101.786
100_0010_0099.JPG 143.67107682 -38.74922140 101.835
100_0010_0100.JPG 143.67092624 -38.74897707 101.847
100_0010_0101.JPG 143.67077892 -38.74873672 101.851
100_0010_0102.JPG 143.67067980 -38.74856635 101.904
100_0010_0103.JPG 143.67075731 -38.74828295 101.683
100_0010_0104.JPG 143.67082737 -38.74802115 101.669
100_0010_0105.JPG 143.67085691 -38.74793393 101.711
100_0010_0106.JPG 143.67102022 -38.74819650 100.938
100_0010_0107.JPG 143.67116831 -38.74843913 101.268
100_0010_0108.JPG 143.67131616 -38.74868044 101.698
100_0010_0109.JPG 143.67146537 -38.74892334 101.991
100_0010_0110.JPG 143.67161304 -38.74916399 101.978
100_0010_0111.JPG 143.67171832 -38.74932920 102.100
100_0010_0112.JPG 143.67180329 -38.74903996 101.695
100_0010_0113.JPG 143.67187795 -38.74878347 101.509
100_0010_0114.JPG 143.67189876 -38.74869544 101.521
100_0010_0115.JPG 143.67173479 -38.74843161 101.627
100_0010_0116.JPG 143.67158951 -38.74819424 101.739
100_0010_0117.JPG 143.67144084 -38.74795101 101.851
100_0010_0118.JPG 143.67129226 -38.74770832 101.966
100_0010_0119.JPG 143.67114598 -38.74746936 101.933
100_0010_0120.JPG 143.67111312 -38.74740574 101.911
100_0010_0121.JPG 143.67127103 -38.74714189 101.557
100_0010_0122.JPG 143.67139461 -38.74694551 101.607
100_0010_0123.JPG 143.67155903 -38.74720680 100.944
100_0010_0124.JPG 143.67170922 -38.74745085 101.506
100_0010_0125.JPG 143.67185694 -38.74769206 101.600
100_0010_0126.JPG 143.67200361 -38.74793168 101.545
100_0010_0127.JPG 143.67208595 -38.74805953 101.562
100_0010_0128.JPG 143.67214641 -38.74787028 101.531
100_0010_0129.JPG 143.67231816 -38.74763127 101.421
100_0010_0130.JPG 143.67235499 -38.74756888 101.543
100_0010_0131.JPG 143.67219070 -38.74730235 101.522
100_0010_0132.JPG 143.67204443 -38.74706257 101.650
100_0010_0133.JPG 143.67189687 -38.74682232 101.752
100_0010_0134.JPG 143.67174795 -38.74657940 101.999
100_0010_0135.JPG 143.67170535 -38.74649849 102.063
100_0010_0136.JPG 143.67188882 -38.74624230 101.609
100_0010_0137.JPG 143.67201100 -38.74608091 101.638
100_0010_0138.JPG 143.67217698 -38.74634241 100.862
100_0010_0139.JPG 143.67232598 -38.74658610 101.435
100_0010_0140.JPG 143.67247549 -38.74682962 101.609
100_0010_0141.JPG 143.67262135 -38.74706911 101.834
100_0010_0142.JPG 143.67266197 -38.74712539 101.816
100_0010_0143.JPG 143.67283989 -38.74687135 101.501
100_0010_0144.JPG 143.67288486 -38.74680991 101.447
100_0010_0145.JPG 143.67296392 -38.74669166 101.294
100_0010_0146.JPG 143.67280092 -38.74643033 101.382
100_0010_0147.JPG 143.67265307 -38.74618875 101.393
100_0010_0148.JPG 143.67250427 -38.74594685 101.436
100_0010_0149.JPG 143.67235690 -38.74570646 101.641
100_0010_0150.JPG 143.67232054 -38.74563808 101.624
100_0010_0151.JPG 143.67250304 -38.74538120 101.350
100_0010_0152.JPG 143.67262573 -38.74521835 101.472
100_0010_0153.JPG 143.67279163 -38.74548160 100.875
100_0010_0154.JPG 143.67293929 -38.74572396 101.291
100_0010_0155.JPG 143.67308677 -38.74596496 101.451
100_0010_0156.JPG 143.67323549 -38.74620805 101.781
100_0010_0157.JPG 143.67327772 -38.74626770 101.819
100_0010_0158.JPG 143.67346707 -38.74601073 101.624
100_0010_0159.JPG 143.67358221 -38.74584158 101.722
100_0010_0160.JPG 143.67342119 -38.74557958 101.721
100_0010_0161.JPG 143.67327364 -38.74533837 101.494
100_0011_0001.JPG 143.67745642 -38.74034606 102.940
100_0011_0002.JPG 143.67708387 -38.74039548 102.385
100_0011_0003.JPG 143.67674886 -38.74044846 102.804
100_0011_0004.JPG 143.67669445 -38.74046016 103.019
100_0011_0005.JPG 143.67647528 -38.74069131 102.236
100_0011_0006.JPG 143.67627181 -38.74091560 102.214
100_0011_0007.JPG 143.67611711 -38.74109086 102.821
100_0011_0008.JPG 143.67648978 -38.74103203 102.536
100_0011_0009.JPG 143.67682947 -38.74098003 102.773
100_0011_0010.JPG 143.67716871 -38.74092823 102.928
100_0011_0011.JPG 143.67750583 -38.74087652 103.096
100_0011_0012.JPG 143.67784021 -38.74082554 103.344
100_0011_0013.JPG 143.67815020 -38.74077788 103.633
100_0011_0014.JPG 143.67815665 -38.74078122 103.489
100_0011_0015.JPG 143.67793370 -38.74102034 102.292
100_0011_0016.JPG 143.67773353 -38.74124101 102.242
100_0011_0017.JPG 143.67756453 -38.74141756 102.735
100_0011_0018.JPG 143.67719781 -38.74146911 102.014
100_0011_0019.JPG 143.67685635 -38.74152277 101.941
100_0011_0020.JPG 143.67652244 -38.74157419 102.288
100_0011_0021.JPG 143.67618309 -38.74162566 102.754
100_0011_0022.JPG 143.67584896 -38.74167610 103.141
100_0011_0023.JPG 143.67552926 -38.74172471 103.381
100_0011_0024.JPG 143.67550271 -38.74173619 103.383
100_0011_0025.JPG 143.67528590 -38.74196826 102.325
100_0011_0026.JPG 143.67508052 -38.74218953 102.429
100_0011_0027.JPG 143.67492617 -38.74236212 102.473
100_0011_0028.JPG 143.67530222 -38.74230466 102.355
100_0011_0029.JPG 143.67563770 -38.74225453 102.633
100_0011_0030.JPG 143.67597621 -38.74220279 103.120
100_0011_0031.JPG 143.67631416 -38.74215051 103.362
100_0011_0032.JPG 143.67664871 -38.74209917 103.708
100_0011_0033.JPG 143.67691419 -38.74206180 103.600
100_0011_0034.JPG 143.67668198 -38.74229184 102.406
100_0011_0035.JPG 143.67646747 -38.74250985 102.683
100_0011_0036.JPG 143.67634212 -38.74263835 102.980
100_0011_0037.JPG 143.67628421 -38.74270838 103.349
100_0011_0038.JPG 143.67591892 -38.74275724 102.592
100_0011_0039.JPG 143.67558052 -38.74281022 102.404
100_0011_0040.JPG 143.67524217 -38.74286118 102.792
100_0011_0041.JPG 143.67490823 -38.74291219 103.250
100_0011_0042.JPG 143.67456813 -38.74296371 103.591
100_0011_0043.JPG 143.67428618 -38.74300978 103.799
100_0011_0044.JPG 143.67407117 -38.74324671 102.628
100_0011_0045.JPG 143.67387199 -38.74347054 102.708
100_0011_0046.JPG 143.67372864 -38.74363744 103.087
100_0011_0047.JPG 143.67410141 -38.74358000 102.611
100_0011_0048.JPG 143.67443851 -38.74352877 102.960
100_0011_0049.JPG 143.67477683 -38.74347720 103.419
100_0011_0050.JPG 143.67511571 -38.74342572 103.632
100_0011_0051.JPG 143.67545192 -38.74337428 103.692
100_0011_0052.JPG 143.67577271 -38.74332621 103.881
100_0011_0053.JPG 143.67580203 -38.74332541 103.760
100_0011_0054.JPG 143.67560752 -38.74357523 102.644
100_0011_0055.JPG 143.67542589 -38.74381163 102.757
100_0011_0056.JPG 143.67531327 -38.74394632 103.273
100_0011_0057.JPG 143.67494713 -38.74399825 102.368
100_0011_0058.JPG 143.67460808 -38.74405113 102.175
100_0011_0059.JPG 143.67427329 -38.74410279 102.249
100_0011_0060.JPG 143.67393453 -38.74415477 102.493
100_0011_0061.JPG 143.67359841 -38.74420549 102.924
100_0011_0062.JPG 143.67328156 -38.74425282 103.592
100_0011_0063.JPG 143.67326212 -38.74426976 103.504
100_0011_0064.JPG 143.67308642 -38.74451145 102.538
100_0011_0065.JPG 143.67291228 -38.74475239 102.709
100_0011_0066.JPG 143.67283752 -38.74486654 102.909
100_0011_0067.JPG 143.67321097 -38.74481063 102.566
100_0011_0068.JPG 143.67354991 -38.74475894 102.696
100_0011_0069.JPG 143.67388784 -38.74470897 102.982
100_0011_0070.JPG 143.67422335 -38.74465812 103.223
100_0011_0071.JPG 143.67456121 -38.74460606 103.344
100_0011_0072.JPG 143.67483012 -38.74456979 103.368
100_0011_0073.JPG 143.67463420 -38.74482065 102.483
100_0011_0074.JPG 143.67445391 -38.74505647 102.658
100_0011_0075.JPG 143.67434323 -38.74518937 103.004
100_0011_0076.JPG 143.67397377 -38.74524209 102.381
100_0011_0077.JPG 143.67363803 -38.74529413 102.338
100_0011_0078.JPG 143.67352855 -38.74530559 102.707
100_0011_0079.JPG 143.67319196 -38.74519095 102.283
100_0011_0080.JPG 143.67309114 -38.74515180 102.374
100_0011_0081.JPG 143.67301777 -38.74486082 102.493
100_0011_0082.JPG 143.67297549 -38.74466416 102.805
100_0011_0083.JPG 143.67316172 -38.74440866 102.720
100_0011_0084.JPG 143.67332894 -38.74417869 102.807
100_0011_0085.JPG 143.67348608 -38.74396438 103.070
100_0011_0086.JPG 143.67349385 -38.74396206 103.045
100_0011_0087.JPG 143.67356905 -38.74424966 102.164
100_0011_0088.JPG 143.67363427 -38.74451930 102.418
100_0011_0089.JPG 143.67369996 -38.74478167 102.950
100_0011_0090.JPG 143.67376515 -38.74504573 103.308
100_0011_0091.JPG 143.67383053 -38.74530680 103.483
100_0011_0092.JPG 143.67386126 -38.74540813 103.412
100_0011_0093.JPG 143.67416344 -38.74522506 102.926
100_0011_0094.JPG 143.67442557 -38.74506613 103.189
100_0011_0095.JPG 143.67446308 -38.74503575 103.207
100_0011_0096.JPG 143.67439054 -38.74474414 102.924
100_0011_0097.JPG 143.67432485 -38.74448549 102.972
100_0011_0098.JPG 143.67425841 -38.74422139 103.054
100_0011_0099.JPG 143.67419257 -38.74395955 103.033
100_0011_0100.JPG 143.67412604 -38.74369584 103.019
100_0011_0101.JPG 143.67405892 -38.74343082 103.026
100_0011_0102.JPG 143.67402659 -38.74328016 103.063
100_0011_0103.JPG 143.67425782 -38.74304206 102.832
100_0011_0104.JPG 143.67446391 -38.74282959 103.018
100_0011_0105.JPG 143.67457976 -38.74271869 103.276
100_0011_0106.JPG 143.67465619 -38.74300595 102.566
100_0011_0107.JPG 143.67472181 -38.74327359 102.918
100_0011_0108.JPG 143.67478736 -38.74353631 103.167
100_0011_0109.JPG 143.67485237 -38.74379757 103.372
100_0011_0110.JPG 143.67491913 -38.74406070 103.421
100_0011_0111.JPG 143.67498132 -38.74431919 103.814
100_0011_0112.JPG 143.67499581 -38.74435675 103.709
100_0011_0113.JPG 143.67519828 -38.74409967 103.052
100_0011_0114.JPG 143.67537600 -38.74387347 103.208
100_0011_0115.JPG 143.67552445 -38.74367709 103.126
100_0011_0116.JPG 143.67545036 -38.74338639 102.727
100_0011_0117.JPG 143.67538424 -38.74312596 102.923
100_0011_0118.JPG 143.67531859 -38.74286433 102.987
100_0011_0119.JPG 143.67525263 -38.74260067 103.049
100_0011_0120.JPG 143.67518755 -38.74233849 103.039
100_0011_0121.JPG 143.67513886 -38.74212398 103.048
100_0011_0122.JPG 143.67536467 -38.74188334 102.835
100_0011_0123.JPG 143.67556281 -38.74167036 102.982
100_0011_0124.JPG 143.67568726 -38.74154684 102.930
100_0011_0125.JPG 143.67576595 -38.74183397 102.310
100_0011_0126.JPG 143.67583165 -38.74210054 102.777
100_0011_0127.JPG 143.67589742 -38.74236381 103.119
100_0011_0128.JPG 143.67596255 -38.74262587 103.240
100_0011_0129.JPG 143.67602813 -38.74288966 103.407
100_0011_0130.JPG 143.67605955 -38.74299871 103.399
100_0011_0131.JPG 143.67626085 -38.74274582 102.996
100_0011_0132.JPG 143.67638469 -38.74259104 103.025
100_0011_0133.JPG 143.67658887 -38.74239196 102.918
100_0011_0134.JPG 143.67660023 -38.74237088 102.896
100_0011_0135.JPG 143.67652676 -38.74208243 102.879
100_0011_0136.JPG 143.67646238 -38.74182061 102.901
100_0011_0137.JPG 143.67639669 -38.74155828 103.082
100_0011_0138.JPG 143.67633093 -38.74129470 103.081
100_0011_0139.JPG 143.67626572 -38.74103238 102.975
100_0011_0140.JPG 143.67624871 -38.74094045 102.954
100_0011_0141.JPG 143.67647174 -38.74070257 102.525
100_0011_0142.JPG 143.67667325 -38.74048586 102.568
100_0011_0143.JPG 143.67679631 -38.74036269 102.771
100_0011_0144.JPG 143.67687492 -38.74064695 101.993
100_0011_0145.JPG 143.67693935 -38.74091784 102.404
100_0011_0146.JPG 143.67700425 -38.74118049 103.049
100_0011_0147.JPG 143.67706946 -38.74144219 103.254
100_0011_0148.JPG 143.67713538 -38.74170741 103.215
100_0011_0149.JPG 143.67716676 -38.74181572 103.298
100_0011_0150.JPG 143.67740647 -38.74157896 102.853
100_0011_0151.JPG 143.67761590 -38.74137144 102.798
100_0011_0152.JPG 143.67772333 -38.74125913 102.724
100_0011_0153.JPG 143.67764877 -38.74096524 102.740
100_0011_0154.JPG 143.67758385 -38.74070616 102.745
100_0011_0155.JPG 143.67751844 -38.74044759 102.943
100_0012_0001.JPG 143.68286477 -38.73601583 101.830
100_0012_0002.JPG 143.68325230 -38.73604201 101.450
100_0012_0003.JPG 143.68359453 -38.73607459 101.996
100_0012_0004.JPG 143.68367191 -38.73608522 102.224
100_0012_0005.JPG 143.68389200 -38.73631328 100.920
100_0012_0006.JPG 143.68410480 -38.73653835 101.431
100_0012_0007.JPG 143.68421961 -38.73666781 102.350
100_0012_0008.JPG 143.68384141 -38.73663261 101.536
100_0012_0009.JPG 143.68349838 -38.73660575 102.113
100_0012_0010.JPG 143.68315753 -38.73657621 102.456
100_0012_0011.JPG 143.68281362 -38.73654670 102.588
100_0012_0012.JPG 143.68247393 -38.73651718 102.555
100_0012_0013.JPG 143.68220635 -38.73649985 102.834
100_0012_0014.JPG 143.68193375 -38.73669352 101.183
100_0012_0015.JPG 143.68168154 -38.73688584 101.358
100_0012_0016.JPG 143.68156461 -38.73698020 101.997
100_0012_0017.JPG 143.68194307 -38.73701049 101.206
100_0012_0018.JPG 143.68228648 -38.73704222 101.891
100_0012_0019.JPG 143.68262684 -38.73707206 102.349
100_0012_0020.JPG 143.68296808 -38.73710110 102.713
100_0012_0021.JPG 143.68331047 -38.73713077 102.876
100_0012_0022.JPG 143.68362076 -38.73715693 102.954
100_0012_0023.JPG 143.68360982 -38.73716639 102.535
100_0012_0024.JPG 143.68333256 -38.73734973 101.257
100_0012_0025.JPG 143.68307102 -38.73753258 101.416
100_0012_0026.JPG 143.68290571 -38.73763917 101.843
100_0012_0027.JPG 143.68253507 -38.73760212 100.718
100_0012_0028.JPG 143.68219273 -38.73757266 100.950
100_0012_0029.JPG 143.68185136 -38.73754275 101.522
100_0012_0030.JPG 143.68151254 -38.73751405 101.638
100_0012_0031.JPG 143.68116890 -38.73748473 101.859
100_0012_0032.JPG 143.68089391 -38.73746458 102.198
100_0012_0033.JPG 143.68062085 -38.73765969 100.680
100_0012_0034.JPG 143.68037043 -38.73784960 100.773
100_0012_0035.JPG 143.68025087 -38.73794526 101.363
100_0012_0036.JPG 143.68062669 -38.73797618 100.831
100_0012_0037.JPG 143.68097210 -38.73800768 101.501
100_0012_0038.JPG 143.68131118 -38.73803753 101.949
100_0012_0039.JPG 143.68165187 -38.73806667 102.324
100_0012_0040.JPG 143.68199497 -38.73809661 102.319
100_0012_0041.JPG 143.68219836 -38.73811914 102.324
100_0012_0042.JPG 143.68191539 -38.73830908 100.927
100_0012_0043.JPG 143.68165168 -38.73848986 101.131
100_0012_0044.JPG 143.68148558 -38.73859458 101.452
100_0012_0045.JPG 143.68111177 -38.73856004 100.501
100_0012_0046.JPG 143.68077192 -38.73853087 100.436
100_0012_0047.JPG 143.68043085 -38.73850179 100.399
100_0012_0048.JPG 143.68008602 -38.73847145 100.773
100_0012_0049.JPG 143.67974675 -38.73844307 101.051
100_0012_0050.JPG 143.67957399 -38.73843291 101.410
100_0012_0051.JPG 143.67929834 -38.73863234 100.469
100_0012_0052.JPG 143.67904848 -38.73881728 100.708
100_0012_0053.JPG 143.67893035 -38.73890915 101.078
100_0012_0054.JPG 143.67930583 -38.73894196 100.459
100_0012_0055.JPG 143.67964924 -38.73897272 101.234
100_0012_0056.JPG 143.67998976 -38.73900212 101.759
100_0012_0057.JPG 143.68033334 -38.73903181 101.993
100_0012_0058.JPG 143.68067019 -38.73906140 102.260
100_0012_0059.JPG 143.68077313 -38.73907427 102.081
100_0012_0060.JPG 143.68048910 -38.73926496 100.752
100_0012_0061.JPG 143.68022878 -38.73944408 101.116
100_0012_0062.JPG 143.68006211 -38.73955060 101.387
100_0012_0063.JPG 143.67969202 -38.73951619 100.328
100_0012_0064.JPG 143.67934897 -38.73948831 100.569
100_0012_0065.JPG 143.67900603 -38.73945897 100.807
100_0012_0066.JPG 143.67866641 -38.73942933 101.103
100_0012_0067.JPG 143.67833021 -38.73940096 101.356
100_0012_0068.JPG 143.67825789 -38.73939815 101.481
100_0012_0069.JPG 143.67798778 -38.73959518 100.190
100_0012_0070.JPG 143.67773271 -38.73978436 100.523
100_0012_0071.JPG 143.67761399 -38.73987806 101.150
100_0012_0072.JPG 143.67799111 -38.73991079 100.541
100_0012_0073.JPG 143.67833145 -38.73994088 101.135
100_0012_0074.JPG 143.67867280 -38.73997008 101.458
100_0012_0075.JPG 143.67901659 -38.74000052 101.928
100_0012_0076.JPG 143.67933740 -38.74002842 102.053
100_0012_0077.JPG 143.67935278 -38.74003361 101.782
100_0012_0078.JPG 143.67907162 -38.74022435 100.598
100_0012_0079.JPG 143.67880768 -38.74040475 100.885
100_0012_0080.JPG 143.67864270 -38.74050917 101.355
100_0012_0081.JPG 143.67827358 -38.74047508 100.422
100_0012_0082.JPG 143.67795653 -38.74044690 101.089
100_0012_0083.JPG 143.67792795 -38.74041755 101.079
100_0012_0084.JPG 143.67775379 -38.74025902 100.945
100_0012_0085.JPG 143.67779628 -38.73996949 101.017
100_0012_0086.JPG 143.67783318 -38.73972211 101.044
100_0012_0087.JPG 143.67785371 -38.73969974 101.018
100_0012_0088.JPG 143.67811371 -38.73950573 100.708
100_0012_0089.JPG 143.67836443 -38.73932409 101.240
100_0012_0090.JPG 143.67859664 -38.73915503 101.678
100_0012_0091.JPG 143.67860520 -38.73915387 101.470
100_0012_0092.JPG 143.67856963 -38.73944248 100.525
100_0012_0093.JPG 143.67852819 -38.73971542 101.237
100_0012_0094.JPG 143.67848966 -38.73998260 101.547
100_0012_0095.JPG 143.67845208 -38.74024835 101.769
100_0012_0096.JPG 143.67841367 -38.74051479 101.738
100_0012_0097.JPG 143.67839429 -38.74068018 101.623
100_0012_0098.JPG 143.67868413 -38.74048767 100.852
100_0012_0099.JPG 143.67894370 -38.74031505 101.009
100_0012_0100.JPG 143.67915633 -38.74016691 101.325
100_0012_0101.JPG 143.67919659 -38.73987430 100.953
100_0012_0102.JPG 143.67923498 -38.73960830 101.125
100_0012_0103.JPG 143.67927217 -38.73934356 101.334
100_0012_0104.JPG 143.67930978 -38.73907725 101.344
100_0012_0105.JPG 143.67934695 -38.73881216 101.308
100_0012_0106.JPG 143.67938462 -38.73857548 101.265
100_0012_0107.JPG 143.67965900 -38.73837438 100.694
100_0012_0108.JPG 143.67990940 -38.73819089 100.919
100_0012_0109.JPG 143.68014048 -38.73802227 101.375
100_0012_0110.JPG 143.68014889 -38.73802143 101.343
100_0012_0111.JPG 143.68011027 -38.73831114 100.343
100_0012_0112.JPG 143.68007141 -38.73858119 100.637
100_0012_0113.JPG 143.68003389 -38.73884669 101.376
100_0012_0114.JPG 143.67999578 -38.73911431 101.719
100_0012_0115.JPG 143.67995620 -38.73937980 101.955
100_0012_0116.JPG 143.67991975 -38.73963500 102.125
100_0012_0117.JPG 143.67992137 -38.73965333 101.718
100_0012_0118.JPG 143.68021260 -38.73945894 100.454
100_0012_0119.JPG 143.68047616 -38.73928372 100.900
100_0012_0120.JPG 143.68068747 -38.73913685 101.385
100_0012_0121.JPG 143.68072767 -38.73884368 100.878
100_0012_0122.JPG 143.68076509 -38.73858095 100.879
100_0012_0123.JPG 143.68080363 -38.73831168 100.976
100_0012_0124.JPG 143.68084088 -38.73804640 101.046
100_0012_0125.JPG 143.68087745 -38.73778267 101.035
100_0012_0126.JPG 143.68091527 -38.73751517 101.175
100_0012_0127.JPG 143.68093120 -38.73744098 101.303
100_0012_0128.JPG 143.68120578 -38.73723947 100.662
100_0012_0129.JPG 143.68145348 -38.73705738 100.957
100_0012_0130.JPG 143.68168579 -38.73688764 101.373
100_0012_0131.JPG 143.68169373 -38.73688743 101.228
100_0012_0132.JPG 143.68165513 -38.73717499 100.558
100_0012_0133.JPG 143.68161797 -38.73744721 100.935
100_0012_0134.JPG 143.68158003 -38.73771493 101.150
100_0012_0135.JPG 143.68154232 -38.73797978 101.265
100_0012_0136.JPG 143.68150462 -38.73824489 101.013
100_0012_0137.JPG 143.68146612 -38.73850968 100.590
100_0012_0138.JPG 143.68145558 -38.73861844 100.701
100_0012_0139.JPG 143.68174489 -38.73842595 100.399
100_0012_0140.JPG 143.68200289 -38.73825353 100.581
100_0012_0141.JPG 143.68221706 -38.73810407 100.937
100_0012_0142.JPG 143.68225819 -38.73781017 100.650
100_0012_0143.JPG 143.68229615 -38.73754732 100.800
100_0012_0144.JPG 143.68233467 -38.73727899 101.099
100_0012_0145.JPG 143.68237237 -38.73701414 101.206
100_0012_0146.JPG 143.68241029 -38.73674694 101.219
100_0012_0147.JPG 143.68244830 -38.73648102 101.213
100_0012_0148.JPG 143.68247773 -38.73630587 101.126
100_0012_0149.JPG 143.68275061 -38.73610572 100.430
100_0012_0150.JPG 143.68300210 -38.73592143 100.566
100_0012_0151.JPG 143.68323348 -38.73575403 100.979
100_0012_0152.JPG 143.68324227 -38.73575346 100.884
100_0012_0153.JPG 143.68320435 -38.73604389 100.015
100_0012_0154.JPG 143.68316639 -38.73631313 100.469
100_0012_0155.JPG 143.68312761 -38.73658058 100.907
100_0012_0156.JPG 143.68309046 -38.73684585 101.017
100_0012_0157.JPG 143.68305244 -38.73711313 100.897
100_0012_0158.JPG 143.68301477 -38.73738129 101.162
100_0012_0159.JPG 143.68298924 -38.73759155 100.998
100_0012_0160.JPG 143.68328099 -38.73739629 100.300
100_0012_0161.JPG 143.68353899 -38.73722313 100.510
100_0012_0162.JPG 143.68375211 -38.73707274 100.882
100_0012_0163.JPG 143.68379272 -38.73677940 100.516
100_0012_0164.JPG 143.68383043 -38.73651582 100.556
100_0013_0001.JPG 143.68393881 -38.73639097 103.054
100_0013_0002.JPG 143.68430622 -38.73649799 102.724
100_0013_0003.JPG 143.68462025 -38.73659253 103.176
100_0013_0004.JPG 143.68468113 -38.73660483 103.285
100_0013_0005.JPG 143.68500504 -38.73644920 102.621
100_0013_0006.JPG 143.68529323 -38.73631164 102.928
100_0013_0007.JPG 143.68540739 -38.73625088 103.434
100_0013_0008.JPG 143.68505397 -38.73614321 103.113
100_0013_0009.JPG 143.68473118 -38.73604796 103.103
100_0013_0010.JPG 143.68441184 -38.73595357 103.139
100_0013_0011.JPG 143.68408969 -38.73585830 103.407
100_0013_0012.JPG 143.68376645 -38.73576269 103.550
100_0013_0013.JPG 143.68345006 -38.73567072 103.579
100_0013_0014.JPG 143.68336322 -38.73564109 103.589
100_0013_0015.JPG 143.68368874 -38.73548396 102.979
100_0013_0016.JPG 143.68397954 -38.73534672 103.090
100_0013_0017.JPG 143.68410869 -38.73529212 103.424
100_0013_0018.JPG 143.68446250 -38.73539478 102.800
100_0013_0019.JPG 143.68478322 -38.73549141 103.168
100_0013_0020.JPG 143.68509932 -38.73558549 103.647
100_0013_0021.JPG 143.68542354 -38.73568119 104.172
100_0013_0022.JPG 143.68574287 -38.73577412 104.293
100_0013_0023.JPG 143.68606145 -38.73586914 104.512
100_0013_0024.JPG 143.68616814 -38.73589656 104.614
100_0013_0025.JPG 143.68648897 -38.73574100 103.118
100_0013_0026.JPG 143.68678305 -38.73560356 103.314
100_0013_0027.JPG 143.68689666 -38.73554450 103.445
100_0013_0028.JPG 143.68654226 -38.73543622 102.696
100_0013_0029.JPG 143.68622039 -38.73534297 103.078
100_0013_0030.JPG 143.68590119 -38.73524900 103.463
100_0013_0031.JPG 143.68557718 -38.73515461 103.815
100_0013_0032.JPG 143.68525740 -38.73505973 104.037
100_0013_0033.JPG 143.68493731 -38.73496637 104.087
100_0013_0034.JPG 143.68485396 -38.73493611 104.163
100_0013_0035.JPG 143.68518533 -38.73478272 103.161
100_0013_0036.JPG 143.68547606 -38.73465068 103.416
100_0013_0037.JPG 143.68561498 -38.73459319 103.664
100_0013_0038.JPG 143.68596703 -38.73469701 103.095
100_0013_0039.JPG 143.68629155 -38.73479381 103.652
100_0013_0040.JPG 143.68661099 -38.73488751 103.720
100_0013_0041.JPG 143.68693177 -38.73498208 103.842
100_0013_0042.JPG 143.68725154 -38.73507679 103.997
100_0013_0043.JPG 143.68757181 -38.73517180 104.114
100_0013_0044.JPG 143.68776032 -38.73522564 104.498
100_0013_0045.JPG 143.68810706 -38.73511283 102.995
100_0013_0046.JPG 143.68842798 -38.73501472 103.092
100_0013_0047.JPG 143.68868606 -38.73492942 103.609
100_0013_0048.JPG 143.68832724 -38.73482058 102.840
100_0013_0049.JPG 143.68800844 -38.73472705 103.144
100_0013_0050.JPG 143.68768589 -38.73463077 103.517
100_0013_0051.JPG 143.68736567 -38.73453662 103.816
100_0013_0052.JPG 143.68704466 -38.73444292 103.986
100_0013_0053.JPG 143.68672176 -38.73434827 103.877
100_0013_0054.JPG 143.68641615 -38.73426014 104.055
100_0013_0055.JPG 143.68639334 -38.73424799 103.892
100_0013_0056.JPG 143.68674274 -38.73412992 103.180
100_0013_0057.JPG 143.68705928 -38.73402525 103.505
100_0013_0058.JPG 143.68730939 -38.73394564 104.023
100_0013_0059.JPG 143.68766232 -38.73404687 103.111
100_0013_0060.JPG 143.68798369 -38.73414672 103.689
100_0013_0061.JPG 143.68830553 -38.73424140 103.956
100_0013_0062.JPG 143.68862539 -38.73433625 104.166
100_0013_0063.JPG 143.68894627 -38.73443149 104.433
100_0013_0064.JPG 143.68926850 -38.73452658 104.465
100_0013_0065.JPG 143.68958790 -38.73462137 104.387
100_0013_0066.JPG 143.68969818 -38.73465099 104.274
100_0013_0067.JPG 143.69005443 -38.73456420 103.165
100_0013_0068.JPG 143.69038362 -38.73449057 103.608
100_0013_0069.JPG 143.69070801 -38.73441559 103.878
100_0013_0070.JPG 143.69076797 -38.73439728 103.694
100_0013_0071.JPG 143.69041200 -38.73428880 102.637
100_0013_0072.JPG 143.69009152 -38.73419483 102.834
100_0013_0073.JPG 143.68977022 -38.73409980 103.364
100_0013_0074.JPG 143.68945229 -38.73400663 103.390
100_0013_0075.JPG 143.68913293 -38.73391239 103.388
100_0013_0076.JPG 143.68881041 -38.73381682 103.266
100_0013_0077.JPG 143.68849088 -38.73372270 103.686
100_0013_0078.JPG 143.68824692 -38.73364658 103.855
100_0013_0079.JPG 143.68860555 -38.73354373 102.941
100_0013_0080.JPG 143.68892496 -38.73345333 103.386
100_0013_0081.JPG 143.68922399 -38.73336930 103.674
100_0013_0082.JPG 143.68925891 -38.73337713 103.523
100_0013_0083.JPG 143.68958456 -38.73347014 103.010
100_0013_0084.JPG 143.68990750 -38.73356850 103.453
100_0013_0085.JPG 143.69022781 -38.73366330 103.934
100_0013_0086.JPG 143.69054691 -38.73375783 104.092
100_0013_0087.JPG 143.69086704 -38.73385185 104.038
100_0013_0088.JPG 143.69118072 -38.73394598 104.218
100_0013_0089.JPG 143.69123226 -38.73395474 103.927
100_0013_0090.JPG 143.69117748 -38.73365988 103.047
100_0013_0091.JPG 143.69112944 -38.73340527 103.294
100_0013_0092.JPG 143.69111222 -38.73335111 103.243
100_0013_0093.JPG 143.69076731 -38.73324883 102.650
100_0013_0094.JPG 143.69069992 -38.73323261 102.895
100_0013_0095.JPG 143.69091868 -38.73346622 102.347
100_0013_0096.JPG 143.69111825 -38.73369189 103.147
100_0013_0097.JPG 143.69120096 -38.73379448 103.808
100_0013_0098.JPG 143.69106729 -38.73405819 101.950
100_0013_0099.JPG 143.69094534 -38.73431173 102.208
100_0013_0100.JPG 143.69090991 -38.73437255 102.576
100_0013_0101.JPG 143.69055989 -38.73444400 101.397
100_0013_0102.JPG 143.69022495 -38.73452776 101.845
100_0013_0103.JPG 143.69009535 -38.73455252 102.694
100_0013_0104.JPG 143.69022991 -38.73427177 102.820
100_0013_0105.JPG 143.69035037 -38.73402366 103.284
100_0013_0106.JPG 143.69047200 -38.73377235 103.377
100_0013_0107.JPG 143.69059427 -38.73352182 103.478
100_0013_0108.JPG 143.69071296 -38.73327779 103.570
100_0013_0109.JPG 143.69073193 -38.73322610 103.519
100_0013_0110.JPG 143.69035678 -38.73324197 102.561
100_0013_0111.JPG 143.69001921 -38.73326632 103.474
100_0013_0112.JPG 143.68997904 -38.73327312 103.605
100_0013_0113.JPG 143.68984919 -38.73354025 102.018
100_0013_0114.JPG 143.68972558 -38.73379640 102.400
100_0013_0115.JPG 143.68960347 -38.73404759 103.296
100_0013_0116.JPG 143.68948079 -38.73430092 103.543
100_0013_0117.JPG 143.68935930 -38.73454965 103.815
100_0013_0118.JPG 143.68925256 -38.73475879 103.974
100_0013_0119.JPG 143.68890988 -38.73485523 101.908
100_0013_0120.JPG 143.68858778 -38.73496362 102.145
100_0013_0121.JPG 143.68839826 -38.73501854 103.127
100_0013_0122.JPG 143.68853230 -38.73473891 102.932
100_0013_0123.JPG 143.68865276 -38.73449125 103.460
100_0013_0124.JPG 143.68877316 -38.73424195 103.649
100_0013_0125.JPG 143.68889515 -38.73398978 103.705
100_0013_0126.JPG 143.68901611 -38.73374069 103.694
100_0013_0127.JPG 143.68913868 -38.73348873 103.768
100_0013_0128.JPG 143.68918554 -38.73338064 103.585
100_0013_0129.JPG 143.68882773 -38.73347563 102.631
100_0013_0130.JPG 143.68850286 -38.73357065 102.872
100_0013_0131.JPG 143.68833316 -38.73362440 103.250
100_0013_0132.JPG 143.68820792 -38.73388938 101.875
100_0013_0133.JPG 143.68807977 -38.73414871 102.091
100_0013_0134.JPG 143.68795891 -38.73439759 102.865
100_0013_0135.JPG 143.68783871 -38.73464516 102.807
100_0013_0136.JPG 143.68771681 -38.73489727 103.077
100_0013_0137.JPG 143.68759399 -38.73515119 103.341
100_0013_0138.JPG 143.68751618 -38.73529970 103.686
100_0013_0139.JPG 143.68724931 -38.73538255 102.314
100_0013_0140.JPG 143.68695166 -38.73552742 101.776
100_0013_0141.JPG 143.68666155 -38.73566558 102.345
100_0013_0142.JPG 143.68659896 -38.73568947 102.471
100_0013_0143.JPG 143.68673405 -38.73540924 102.529
100_0013_0144.JPG 143.68685450 -38.73516130 102.719
100_0013_0145.JPG 143.68697575 -38.73491211 102.918
100_0013_0146.JPG 143.68709748 -38.73466121 102.977
100_0013_0147.JPG 143.68721926 -38.73440972 103.057
100_0013_0148.JPG 143.68734037 -38.73416007 103.124
100_0013_0149.JPG 143.68745651 -38.73392212 103.263
100_0013_0150.JPG 143.68746439 -38.73389501 103.163
100_0013_0151.JPG 143.68711493 -38.73400311 102.041
100_0013_0152.JPG 143.68679681 -38.73410952 102.393
100_0013_0153.JPG 143.68659440 -38.73418234 102.790
100_0013_0154.JPG 143.68646463 -38.73444878 101.599
100_0013_0155.JPG 143.68634102 -38.73470463 102.050
100_0013_0156.JPG 143.68621875 -38.73495716 103.009
100_0013_0157.JPG 143.68609841 -38.73520449 103.126
100_0013_0158.JPG 143.68597745 -38.73545415 103.087
100_0013_0159.JPG 143.68585683 -38.73570438 103.001
100_0013_0160.JPG 143.68573574 -38.73595407 103.173
100_0013_0161.JPG 143.68563079 -38.73616028 103.462
100_0013_0162.JPG 143.68531882 -38.73629903 101.695
100_0013_0163.JPG 143.68502005 -38.73644772 101.771
100_0013_0164.JPG 143.68473259 -38.73658566 102.573
100_0013_0165.JPG 143.68468643 -38.73660162 102.779
100_0013_0166.JPG 143.68482074 -38.73632382 102.655
100_0013_0167.JPG 143.68494246 -38.73607370 103.145
100_0013_0168.JPG 143.68506321 -38.73582427 103.218
100_0013_0169.JPG 143.68518359 -38.73557600 103.216
100_0013_0170.JPG 143.68530627 -38.73532440 103.232
100_0013_0171.JPG 143.68542886 -38.73507253 103.386
100_0013_0172.JPG 143.68554903 -38.73482323 103.505
100_0013_0173.JPG 143.68566465 -38.73458730 103.628
100_0013_0174.JPG 143.68567021 -38.73456727 103.461
100_0013_0175.JPG 143.68534753 -38.73470848 102.072
100_0013_0176.JPG 143.68504650 -38.73485072 102.642
100_0013_0177.JPG 143.68475770 -38.73498390 103.441
100_0013_0178.JPG 143.68472324 -38.73500496 103.532
100_0013_0179.JPG 143.68459927 -38.73526834 101.893
100_0013_0180.JPG 143.68447156 -38.73552639 102.101
100_0013_0181.JPG 143.68435112 -38.73577248 102.688
100_0013_0182.JPG 143.68423059 -38.73602249 103.130
100_0013_0183.JPG 143.68410864 -38.73627401 103.330
100_0013_0184.JPG 143.68400894 -38.73646351 103.405
100_0013_0185.JPG 143.68378884 -38.73622000 102.302
100_0013_0186.JPG 143.68359479 -38.73600667 102.777
100_0013_0187.JPG 143.68353761 -38.73593494 103.043
100_0013_0188.JPG 143.68367077 -38.73565800 103.010
100_0029_0001.JPG 143.70331190 -38.72963352 102.324
100_0029_0002.JPG 143.70338218 -38.72927702 102.434
100_0029_0003.JPG 143.70343460 -38.72897864 102.470
100_0029_0004.JPG 143.70344483 -38.72888843 102.400
100_0029_0005.JPG 143.70321584 -38.72896622 102.326
100_0029_0006.JPG 143.70304250 -38.72909009 102.473
100_0029_0007.JPG 143.70280262 -38.72910652 102.424
100_0029_0008.JPG 143.70275262 -38.72944365 102.360
100_0029_0009.JPG 143.70268957 -38.72975079 102.710
100_0029_0010.JPG 143.70267476 -38.72979399 102.497
100_0029_0011.JPG 143.70228891 -38.72993795 102.305
100_0029_0012.JPG 143.70203155 -38.73003360 102.533
100_0029_0013.JPG 143.70209405 -38.72968257 102.352
100_0029_0014.JPG 143.70214752 -38.72937554 102.410
100_0029_0015.JPG 143.70218174 -38.72914433 102.425
100_0029_0016.JPG 143.70175013 -38.72920562 102.353
100_0029_0017.JPG 143.70156468 -38.72924059 102.492
100_0029_0018.JPG 143.70151254 -38.72957163 102.314
100_0029_0019.JPG 143.70145415 -38.72988841 102.606
100_0029_0020.JPG 143.70139515 -38.73019994 102.656
100_0029_0021.JPG 143.70136982 -38.73030165 102.465
100_0029_0022.JPG 143.70098586 -38.73044557 102.318
100_0029_0023.JPG 143.70080971 -38.73051457 102.558
100_0029_0024.JPG 143.70071824 -38.73054731 102.421
100_0029_0025.JPG 143.70078981 -38.73019242 102.345
100_0029_0026.JPG 143.70084448 -38.72988323 102.329
100_0029_0027.JPG 143.70089790 -38.72957510 102.349
100_0029_0028.JPG 143.70092955 -38.72936204 102.314
100_0029_0029.JPG 143.70050093 -38.72944104 102.277
100_0029_0030.JPG 143.70030520 -38.72948539 102.496
100_0029_0031.JPG 143.70025544 -38.72981700 102.324
100_0029_0032.JPG 143.70019598 -38.73013330 102.582
100_0029_0033.JPG 143.70013992 -38.73044560 102.547
100_0029_0034.JPG 143.70008465 -38.73075490 102.628
100_0029_0035.JPG 143.70006439 -38.73083643 102.441
100_0029_0036.JPG 143.69968600 -38.73098958 102.242
100_0029_0037.JPG 143.69941905 -38.73109910 102.329
100_0029_0038.JPG 143.69948202 -38.73074383 102.353
100_0029_0039.JPG 143.69953536 -38.73043872 102.438
100_0029_0040.JPG 143.69958929 -38.73012641 102.485
100_0029_0041.JPG 143.69964240 -38.72981871 102.458
100_0029_0042.JPG 143.69967397 -38.72960503 102.378
100_0029_0043.JPG 143.69928256 -38.72975888 102.229
100_0029_0044.JPG 143.69902329 -38.72987206 102.397
100_0029_0045.JPG 143.69897285 -38.73020312 102.216
100_0029_0046.JPG 143.69891249 -38.73051953 102.513
100_0029_0047.JPG 143.69885624 -38.73083093 102.463
100_0029_0048.JPG 143.69880167 -38.73114511 102.406
100_0029_0049.JPG 143.69875190 -38.73138946 102.329
100_0029_0050.JPG 143.69837054 -38.73154462 102.332
100_0029_0051.JPG 143.69810501 -38.73165350 102.445
100_0029_0052.JPG 143.69816584 -38.73130052 102.385
100_0029_0053.JPG 143.69821903 -38.73099480 102.427
100_0029_0054.JPG 143.69827347 -38.73068318 102.471
100_0029_0055.JPG 143.69832813 -38.73037162 102.490
100_0029_0056.JPG 143.69835577 -38.73018194 102.291
100_0029_0057.JPG 143.69797772 -38.73035509 102.221
100_0029_0058.JPG 143.69771019 -38.73048139 102.501
100_0029_0059.JPG 143.69763316 -38.73051879 102.692
100_0029_0060.JPG 143.69764470 -38.73082088 102.226
100_0029_0061.JPG 143.69758592 -38.73114103 102.487
100_0029_0062.JPG 143.69752803 -38.73145894 102.493
100_0029_0063.JPG 143.69747567 -38.73176411 102.458
100_0029_0064.JPG 143.69743760 -38.73194335 102.312
100_0029_0065.JPG 143.69705590 -38.73209898 102.285
100_0029_0066.JPG 143.69678969 -38.73220915 102.340
100_0029_0067.JPG 143.69685100 -38.73185756 102.324
100_0029_0068.JPG 143.69690494 -38.73154759 102.414
100_0029_0069.JPG 143.69695896 -38.73123670 102.408
100_0029_0070.JPG 143.69701142 -38.73093305 102.450
100_0029_0071.JPG 143.69702891 -38.73079941 102.281
100_0029_0072.JPG 143.69664881 -38.73096990 102.247
100_0029_0073.JPG 143.69636948 -38.73110754 102.528
100_0029_0074.JPG 143.69632197 -38.73143387 102.313
100_0029_0075.JPG 143.69626264 -38.73175083 102.572
100_0029_0076.JPG 143.69620679 -38.73206284 102.542
100_0029_0077.JPG 143.69615096 -38.73237646 102.590
100_0029_0078.JPG 143.69612284 -38.73249902 102.327
100_0029_0079.JPG 143.69574265 -38.73265499 102.290
100_0029_0080.JPG 143.69547574 -38.73276373 102.295
100_0029_0081.JPG 143.69553902 -38.73240955 102.318
100_0029_0082.JPG 143.69559246 -38.73210403 102.361
100_0029_0083.JPG 143.69564705 -38.73179185 102.363
100_0029_0084.JPG 143.69570128 -38.73149164 102.374
100_0029_0085.JPG 143.69571025 -38.73140878 102.125
100_0029_0086.JPG 143.69533044 -38.73157937 102.179
100_0029_0087.JPG 143.69505057 -38.73171753 102.405
100_0029_0088.JPG 143.69500360 -38.73204366 102.201
100_0029_0089.JPG 143.69494534 -38.73236151 102.547
100_0029_0090.JPG 143.69488952 -38.73267424 102.498
100_0029_0091.JPG 143.69483260 -38.73298310 102.570
100_0029_0092.JPG 143.69481287 -38.73305832 102.340
100_0029_0093.JPG 143.69443345 -38.73321081 102.188
100_0029_0094.JPG 143.69416467 -38.73332270 102.322
100_0029_0095.JPG 143.69422710 -38.73297204 102.325
100_0029_0096.JPG 143.69428081 -38.73266203 102.349
100_0029_0097.JPG 143.69433442 -38.73235063 102.358
100_0029_0098.JPG 143.69438707 -38.73206157 102.412
100_0029_0099.JPG 143.69438913 -38.73202135 102.281
100_0029_0100.JPG 143.69401029 -38.73218684 102.292
100_0029_0101.JPG 143.69372683 -38.73233034 102.476
100_0029_0102.JPG 143.69368322 -38.73265333 102.305
100_0029_0103.JPG 143.69362445 -38.73297025 102.550
100_0029_0104.JPG 143.69356712 -38.73328232 102.499
100_0029_0105.JPG 143.69351120 -38.73357863 102.467
100_0029_0106.JPG 143.69348058 -38.73358506 102.210
100_0029_0107.JPG 143.69310163 -38.73368896 102.299
100_0029_0108.JPG 143.69287637 -38.73374994 102.452
100_0029_0109.JPG 143.69293788 -38.73339817 102.376
100_0029_0110.JPG 143.69299206 -38.73308677 102.432
100_0029_0111.JPG 143.69304577 -38.73278040 102.474
100_0029_0112.JPG 143.69306688 -38.73263291 102.284
100_0029_0113.JPG 143.69268821 -38.73279657 102.307
100_0029_0114.JPG 143.69240656 -38.73294225 102.456
100_0029_0115.JPG 143.69236471 -38.73326640 102.359
100_0029_0116.JPG 143.69230629 -38.73358178 102.610
100_0029_0117.JPG 143.69224305 -38.73389131 102.654
100_0029_0118.JPG 143.69222630 -38.73394379 102.469
100_0029_0119.JPG 143.69182191 -38.73405229 102.293
100_0029_0120.JPG 143.69159963 -38.73411149 102.370
100_0029_0121.JPG 143.69166053 -38.73375978 102.346
100_0029_0122.JPG 143.69171442 -38.73345133 102.401
100_0029_0123.JPG 143.69176581 -38.73316194 102.425
100_0029_0124.JPG 143.69176485 -38.73312546 102.258
100_0029_0125.JPG 143.69133376 -38.73319053 102.398
100_0029_0126.JPG 143.69114600 -38.73322773 102.501
100_0029_0127.JPG 143.69109584 -38.73355475 102.295
100_0029_0128.JPG 143.69103778 -38.73387042 102.559
100_0029_0129.JPG 143.69097667 -38.73418034 102.610
100_0029_0130.JPG 143.69096262 -38.73422501 102.341
100_0029_0131.JPG 143.69070916 -38.73393466 102.332
100_0029_0132.JPG 143.69049198 -38.73369157 102.372
100_0029_0133.JPG 143.69046532 -38.73365061 102.212
100_0029_0134.JPG 143.69052168 -38.73333521 102.375
100_0029_0135.JPG 143.69052473 -38.73332960 102.349
100_0029_0136.JPG 143.69061215 -38.73366296 102.424
100_0029_0137.JPG 143.69066809 -38.73388115 102.568
100_0029_0138.JPG 143.69111493 -38.73392477 102.308
100_0029_0139.JPG 143.69150803 -38.73396687 102.475
100_0029_0140.JPG 143.69188882 -38.73400901 102.601
100_0029_0141.JPG 143.69196548 -38.73401355 102.329
100_0029_0142.JPG 143.69238185 -38.73389289 102.294
100_0029_0143.JPG 143.69275716 -38.73378710 102.462
100_0029_0144.JPG 143.69311289 -38.73368719 102.494
100_0029_0145.JPG 143.69316189 -38.73366939 102.250
100_0029_0146.JPG 143.69272503 -38.73361852 102.325
100_0029_0147.JPG 143.69232192 -38.73357859 102.566
100_0029_0148.JPG 143.69192838 -38.73353635 102.527
100_0029_0149.JPG 143.69153023 -38.73349472 102.477
100_0029_0150.JPG 143.69113150 -38.73345215 102.477
100_0029_0151.JPG 143.69073529 -38.73341037 102.431
100_0029_0152.JPG 143.69034739 -38.73337212 102.562
100_0029_0153.JPG 143.69028196 -38.73336156 102.152
100_0029_0154.JPG 143.69072785 -38.73328876 102.316
100_0029_0155.JPG 143.69111247 -38.73322731 102.442
100_0029_0156.JPG 143.69150375 -38.73316415 102.513
100_0029_0157.JPG 143.69189734 -38.73310175 102.616
100_0029_0158.JPG 143.69206843 -38.73307640 102.422
100_0029_0159.JPG 143.69250204 -38.73312256 102.354
100_0029_0160.JPG 143.69289839 -38.73316578 102.506
100_0029_0161.JPG 143.69329255 -38.73320666 102.481
100_0029_0162.JPG 143.69369263 -38.73324918 102.485
100_0029_0163.JPG 143.69408273 -38.73329206 102.521
100_0029_0164.JPG 143.69422288 -38.73330220 102.192
100_0029_0165.JPG 143.69461039 -38.73313565 102.304
100_0029_0166.JPG 143.69495773 -38.73299004 102.427
100_0029_0167.JPG 143.69509721 -38.73292754 102.313
100_0029_0168.JPG 143.69465804 -38.73287592 102.279
100_0029_0169.JPG 143.69425813 -38.73283648 102.513
100_0029_0170.JPG 143.69386098 -38.73279478 102.552
100_0029_0171.JPG 143.69346089 -38.73275156 102.492
100_0029_0172.JPG 143.69307062 -38.73271131 102.515
100_0029_0173.JPG 143.69293321 -38.73269388 102.141
100_0029_0174.JPG 143.69331954 -38.73251300 102.286
100_0029_0175.JPG 143.69365742 -38.73235706 102.433
100_0029_0176.JPG 143.69376658 -38.73231006 102.331
100_0029_0177.JPG 143.69420685 -38.73235619 102.410
100_0029_0178.JPG 143.69460089 -38.73239811 102.533
100_0029_0179.JPG 143.69500215 -38.73244085 102.495
100_0029_0180.JPG 143.69539844 -38.73248299 102.507
100_0029_0181.JPG 143.69579423 -38.73252472 102.498
100_0029_0182.JPG 143.69601277 -38.73254482 102.175
100_0029_0183.JPG 143.69640364 -38.73237739 102.227
100_0029_0184.JPG 143.69675073 -38.73223141 102.285
100_0029_0185.JPG 143.69688863 -38.73216978 102.183
100_0029_0186.JPG 143.69645604 -38.73211750 102.258
100_0029_0187.JPG 143.69604732 -38.73207977 102.397
100_0029_0188.JPG 143.69565261 -38.73203841 102.436
100_0029_0189.JPG 143.69525322 -38.73199662 102.512
100_0029_0190.JPG 143.69485157 -38.73195389 102.490
100_0029_0191.JPG 143.69459888 -38.73192417 102.251
100_0029_0192.JPG 143.69499070 -38.73174097 102.293
100_0029_0193.JPG 143.69532287 -38.73158753 102.424
100_0029_0194.JPG 143.69543472 -38.73154017 102.343
100_0029_0195.JPG 143.69587437 -38.73158608 102.460
100_0029_0196.JPG 143.69627349 -38.73162895 102.626
100_0029_0197.JPG 143.69666983 -38.73167054 102.535
100_0029_0198.JPG 143.69706811 -38.73171106 102.462
100_0029_0199.JPG 143.69746258 -38.73175198 102.417
100_0029_0200.JPG 143.69780470 -38.73178511 102.266
100_0029_0201.JPG 143.69819864 -38.73161611 102.326
100_0029_0202.JPG 143.69854154 -38.73147206 102.466
100_0029_0203.JPG 143.69868093 -38.73140940 102.276
100_0029_0204.JPG 143.69824645 -38.73135562 102.341
100_0029_0205.JPG 143.69784100 -38.73131785 102.498
100_0029_0206.JPG 143.69744037 -38.73127644 102.452
100_0029_0207.JPG 143.69704082 -38.73123477 102.465
100_0029_0208.JPG 143.69664624 -38.73119364 102.447
100_0029_0209.JPG 143.69627669 -38.73115581 102.413
100_0029_0210.JPG 143.69626624 -38.73114990 102.144
100_0029_0211.JPG 143.69665514 -38.73096844 102.283
100_0029_0212.JPG 143.69699293 -38.73081355 102.432
100_0029_0213.JPG 143.69710235 -38.73076737 102.331
100_0029_0214.JPG 143.69754200 -38.73081360 102.415
100_0029_0215.JPG 143.69793943 -38.73085688 102.530
100_0029_0216.JPG 143.69833615 -38.73089861 102.521
100_0029_0217.JPG 143.69873160 -38.73093990 102.459
100_0029_0218.JPG 143.69913313 -38.73098208 102.389
100_0029_0219.JPG 143.69951212 -38.73102467 102.389
100_0029_0220.JPG 143.69959522 -38.73102738 102.185
100_0029_0221.JPG 143.69998870 -38.73085931 102.302
100_0029_0222.JPG 143.70033300 -38.73071501 102.462
100_0029_0223.JPG 143.70047073 -38.73065320 102.344
100_0029_0224.JPG 143.70003814 -38.73059851 102.336
100_0029_0225.JPG 143.69963074 -38.73056203 102.526
100_0029_0226.JPG 143.69923161 -38.73052090 102.524
100_0029_0227.JPG 143.69883350 -38.73047894 102.418
100_0029_0228.JPG 143.69843966 -38.73043745 102.352
100_0029_0229.JPG 143.69804779 -38.73039757 102.555
100_0029_0230.JPG 143.69793025 -38.73038177 102.181
100_0029_0231.JPG 143.69831761 -38.73019899 102.239
100_0029_0232.JPG 143.69865118 -38.73004311 102.392
100_0029_0233.JPG 143.69875635 -38.72999747 102.310
100_0029_0234.JPG 143.69919699 -38.73004494 102.407
100_0029_0235.JPG 143.69958939 -38.73008746 102.488
100_0029_0236.JPG 143.69999222 -38.73012955 102.509
100_0029_0237.JPG 143.70038626 -38.73017072 102.493
100_0029_0238.JPG 143.70078208 -38.73021347 102.448
100_0029_0239.JPG 143.70118507 -38.73025516 102.510
100_0029_0240.JPG 143.70142722 -38.73027913 102.221
100_0029_0241.JPG 143.70182307 -38.73012172 102.301
100_0029_0242.JPG 143.70217795 -38.72998617 102.486
100_0029_0243.JPG 143.70236742 -38.72990994 102.234
100_0029_0244.JPG 143.70193182 -38.72985717 102.406
100_0029_0245.JPG 143.70152812 -38.72981799 102.518
100_0029_0246.JPG 143.70113593 -38.72977591 102.459
100_0029_0247.JPG 143.70073696 -38.72973304 102.434
100_0029_0248.JPG 143.70033668 -38.72969192 102.482
100_0029_0249.JPG 143.69994287 -38.72964900 102.422
100_0029_0250.JPG 143.69962589 -38.72961434 102.274
100_0029_0251.JPG 143.70006522 -38.72952856 102.380
100_0029_0252.JPG 143.70045363 -38.72945337 102.487
100_0029_0253.JPG 143.70083920 -38.72937855 102.500
100_0029_0254.JPG 143.70119995 -38.72930891 102.480
100_0029_0255.JPG 143.70125350 -38.72931338 102.351
100_0029_0256.JPG 143.70165385 -38.72935601 102.408
100_0029_0257.JPG 143.70204445 -38.72939748 102.439
100_0029_0258.JPG 143.70244548 -38.72944021 102.462
100_0029_0259.JPG 143.70283962 -38.72948180 102.467
100_0029_0260.JPG 143.70323652 -38.72952425 102.461
100_0029_0261.JPG 143.70360560 -38.72956550 102.388
100_0029_0262.JPG 143.70363462 -38.72956092 102.156
100_0029_0263.JPG 143.70358813 -38.72922036 102.345
100_0029_0264.JPG 143.70356223 -38.72908752 102.359
100_0029_0265.JPG 143.70314240 -38.72904364 102.484
100_0030_0001.JPG 143.71447776 -38.72613414 101.212
100_0030_0002.JPG 143.71439739 -38.72581145 101.221
100_0030_0003.JPG 143.71432086 -38.72553488 101.276
100_0030_0004.JPG 143.71424375 -38.72525554 101.276
100_0030_0005.JPG 143.71418848 -38.72507802 101.151
100_0030_0006.JPG 143.71380699 -38.72497280 101.147
100_0030_0007.JPG 143.71353373 -38.72490461 101.163
100_0030_0008.JPG 143.71362430 -38.72520691 101.141
100_0030_0009.JPG 143.71370013 -38.72549291 101.302
100_0030_0010.JPG 143.71377509 -38.72577273 101.341
100_0030_0011.JPG 143.71385135 -38.72605195 101.444
100_0030_0012.JPG 143.71387856 -38.72618072 101.165
100_0030_0013.JPG 143.71347439 -38.72614537 101.143
100_0030_0014.JPG 143.71325478 -38.72612364 101.321
100_0030_0015.JPG 143.71316722 -38.72580557 101.160
100_0030_0016.JPG 143.71308914 -38.72553203 101.286
100_0030_0017.JPG 143.71301034 -38.72525389 101.264
100_0030_0018.JPG 143.71293164 -38.72497408 101.317
100_0030_0019.JPG 143.71287888 -38.72480899 101.131
100_0030_0020.JPG 143.71247372 -38.72476016 101.229
100_0030_0021.JPG 143.71225191 -38.72473979 101.259
100_0030_0022.JPG 143.71234352 -38.72504456 101.197
100_0030_0023.JPG 143.71241895 -38.72533176 101.446
100_0030_0024.JPG 143.71249579 -38.72561266 101.475
100_0030_0025.JPG 143.71257239 -38.72588918 101.420
100_0030_0026.JPG 143.71261483 -38.72608058 101.217
100_0030_0027.JPG 143.71245084 -38.72607103 101.153
100_0030_0028.JPG 143.71215228 -38.72626455 101.242
100_0030_0029.JPG 143.71207121 -38.72630837 101.337
100_0030_0030.JPG 143.71198357 -38.72599110 101.232
100_0030_0031.JPG 143.71190577 -38.72571412 101.312
100_0030_0032.JPG 143.71182718 -38.72543587 101.320
100_0030_0033.JPG 143.71174874 -38.72515863 101.365
100_0030_0034.JPG 143.71166905 -38.72487495 101.328
100_0030_0035.JPG 143.71160225 -38.72466488 101.134
100_0030_0036.JPG 143.71120309 -38.72471000 101.126
100_0030_0037.JPG 143.71101629 -38.72473905 101.324
100_0030_0038.JPG 143.71110957 -38.72504437 101.130
100_0030_0039.JPG 143.71118397 -38.72533041 101.411
100_0030_0040.JPG 143.71125960 -38.72560904 101.482
100_0030_0041.JPG 143.71133741 -38.72589066 101.394
100_0030_0042.JPG 143.71141387 -38.72616735 101.347
100_0030_0043.JPG 143.71149262 -38.72644885 101.354
100_0030_0044.JPG 143.71153781 -38.72664791 101.174
100_0030_0045.JPG 143.71122812 -38.72683920 101.115
100_0030_0046.JPG 143.71101619 -38.72696559 101.294
100_0030_0047.JPG 143.71093098 -38.72664822 101.240
100_0030_0048.JPG 143.71085369 -38.72637011 101.330
100_0030_0049.JPG 143.71077480 -38.72608993 101.371
100_0030_0050.JPG 143.71069683 -38.72580767 101.361
100_0030_0051.JPG 143.71062018 -38.72553070 101.373
100_0030_0052.JPG 143.71054223 -38.72525091 101.363
100_0030_0053.JPG 143.71048103 -38.72505333 101.138
100_0030_0054.JPG 143.71015990 -38.72523937 101.110
100_0030_0055.JPG 143.70995656 -38.72536876 101.345
100_0030_0056.JPG 143.71005112 -38.72566463 101.123
100_0030_0057.JPG 143.71012332 -38.72595402 101.467
100_0030_0058.JPG 143.71019734 -38.72623515 101.506
100_0030_0059.JPG 143.71027383 -38.72651940 101.390
100_0030_0060.JPG 143.71034947 -38.72679567 101.413
100_0030_0061.JPG 143.71042723 -38.72707486 101.387
100_0030_0062.JPG 143.71048371 -38.72730808 101.285
100_0030_0063.JPG 143.71022859 -38.72753726 101.065
100_0030_0064.JPG 143.71000613 -38.72774490 101.284
100_0030_0065.JPG 143.71000069 -38.72772877 101.140
100_0030_0066.JPG 143.70991730 -38.72742293 101.266
100_0030_0067.JPG 143.70984127 -38.72714435 101.283
100_0030_0068.JPG 143.70976338 -38.72686453 101.296
100_0030_0069.JPG 143.70968472 -38.72658296 101.298
100_0030_0070.JPG 143.70960588 -38.72630334 101.313
100_0030_0071.JPG 143.70952876 -38.72602596 101.356
100_0030_0072.JPG 143.70948273 -38.72587390 101.142
100_0030_0073.JPG 143.70929996 -38.72614543 101.224
100_0030_0074.JPG 143.70912138 -38.72640431 101.553
100_0030_0075.JPG 143.70904390 -38.72652432 101.461
100_0030_0076.JPG 143.70914151 -38.72681577 101.062
100_0030_0077.JPG 143.70921631 -38.72710821 101.388
100_0030_0078.JPG 143.70929208 -38.72738835 101.435
100_0030_0079.JPG 143.70936996 -38.72766706 101.415
100_0030_0080.JPG 143.70944458 -38.72793965 101.504
100_0030_0081.JPG 143.70945399 -38.72799855 101.206
100_0030_0082.JPG 143.70906599 -38.72807288 101.232
100_0030_0083.JPG 143.70887316 -38.72810645 101.435
100_0030_0084.JPG 143.70878746 -38.72778983 101.227
100_0030_0085.JPG 143.70870893 -38.72750738 101.318
100_0030_0086.JPG 143.70863195 -38.72723225 101.316
100_0030_0087.JPG 143.70856468 -38.72701893 101.117
100_0030_0088.JPG 143.70817845 -38.72710188 101.218
100_0030_0089.JPG 143.70799128 -38.72715420 101.366
100_0030_0090.JPG 143.70808654 -38.72745605 101.208
100_0030_0091.JPG 143.70816091 -38.72774168 101.486
100_0030_0092.JPG 143.70823796 -38.72802426 101.495
100_0030_0093.JPG 143.70828402 -38.72822571 101.235
100_0030_0094.JPG 143.70789857 -38.72830023 101.303
100_0030_0095.JPG 143.70770499 -38.72833398 101.371
100_0030_0096.JPG 143.70761936 -38.72801750 101.176
100_0030_0097.JPG 143.70754210 -38.72774009 101.243
100_0030_0098.JPG 143.70746433 -38.72746022 101.370
100_0030_0099.JPG 143.70740738 -38.72728102 101.187
100_0030_0100.JPG 143.70702044 -38.72736536 101.226
100_0030_0101.JPG 143.70683531 -38.72741417 101.366
100_0030_0102.JPG 143.70692647 -38.72771860 101.202
100_0030_0103.JPG 143.70700142 -38.72800625 101.449
100_0030_0104.JPG 143.70707824 -38.72828532 101.505
100_0030_0105.JPG 143.70711440 -38.72845203 101.200
100_0030_0106.JPG 143.70672120 -38.72850004 101.263
100_0030_0107.JPG 143.70652420 -38.72851952 101.425
100_0030_0108.JPG 143.70643740 -38.72820336 101.277
100_0030_0109.JPG 143.70635958 -38.72792485 101.365
100_0030_0110.JPG 143.70628166 -38.72764691 101.363
100_0030_0111.JPG 143.70623116 -38.72749207 101.128
100_0030_0112.JPG 143.70583096 -38.72751741 101.281
100_0030_0113.JPG 143.70563619 -38.72753773 101.464
100_0030_0114.JPG 143.70572929 -38.72784346 101.267
100_0030_0115.JPG 143.70580348 -38.72813232 101.532
100_0030_0116.JPG 143.70587808 -38.72840787 101.618
100_0030_0117.JPG 143.70591170 -38.72856747 101.325
100_0030_0118.JPG 143.70551745 -38.72859407 101.255
100_0030_0119.JPG 143.70531316 -38.72860440 101.460
100_0030_0120.JPG 143.70522857 -38.72828944 101.161
100_0030_0121.JPG 143.70515037 -38.72801245 101.282
100_0030_0122.JPG 143.70507129 -38.72773174 101.325
100_0030_0123.JPG 143.70502343 -38.72758314 101.047
100_0030_0124.JPG 143.70465946 -38.72771853 101.187
100_0030_0125.JPG 143.70447354 -38.72779758 101.335
100_0030_0126.JPG 143.70456660 -38.72810252 101.095
100_0030_0127.JPG 143.70464025 -38.72838701 101.448
100_0030_0128.JPG 143.70470873 -38.72864588 101.410
100_0030_0129.JPG 143.70470177 -38.72865463 101.155
100_0030_0130.JPG 143.70441419 -38.72868144 101.325
100_0030_0131.JPG 143.70422869 -38.72894928 101.340
100_0030_0132.JPG 143.70419148 -38.72899150 101.314
100_0030_0133.JPG 143.70410404 -38.72867191 101.282
100_0030_0134.JPG 143.70402778 -38.72839702 101.383
100_0030_0135.JPG 143.70394959 -38.72812076 101.456
100_0030_0136.JPG 143.70391784 -38.72802659 101.159
100_0030_0137.JPG 143.70369147 -38.72828323 101.206
100_0030_0138.JPG 143.70348478 -38.72851762 101.586
100_0030_0139.JPG 143.70345219 -38.72856305 101.379
100_0030_0140.JPG 143.70354747 -38.72886184 101.063
100_0030_0141.JPG 143.70362196 -38.72914871 101.400
100_0030_0142.JPG 143.70369142 -38.72941155 101.463
100_0030_0143.JPG 143.70369323 -38.72942659 101.183
100_0030_0144.JPG 143.70347815 -38.72915891 101.377
100_0030_0145.JPG 143.70340434 -38.72905916 101.310
100_0030_0146.JPG 143.70380706 -38.72898819 101.333
100_0030_0147.JPG 143.70415540 -38.72892960 101.373
100_0030_0148.JPG 143.70424382 -38.72890941 101.223
100_0030_0149.JPG 143.70388505 -38.72875310 101.223
100_0030_0150.JPG 143.70356323 -38.72861998 101.492
100_0030_0151.JPG 143.70345065 -38.72856729 101.151
100_0030_0152.JPG 143.70385591 -38.72849786 101.246
100_0030_0153.JPG 143.70421253 -38.72843703 101.297
100_0030_0154.JPG 143.70456711 -38.72837753 101.372
100_0030_0155.JPG 143.70492915 -38.72831645 101.406
100_0030_0156.JPG 143.70528395 -38.72825654 101.371
100_0030_0157.JPG 143.70564226 -38.72819632 101.360
100_0030_0158.JPG 143.70600488 -38.72813488 101.326
100_0030_0159.JPG 143.70636129 -38.72807454 101.281
100_0030_0160.JPG 143.70671653 -38.72801624 101.330
100_0030_0161.JPG 143.70707566 -38.72795535 101.262
100_0030_0162.JPG 143.70743372 -38.72789375 101.205
100_0030_0163.JPG 143.70779036 -38.72783328 101.259
100_0030_0164.JPG 143.70814964 -38.72777310 101.317
100_0030_0165.JPG 143.70851188 -38.72771196 101.275
100_0030_0166.JPG 143.70886717 -38.72765221 101.294
100_0030_0167.JPG 143.70922507 -38.72759155 101.236
100_0030_0168.JPG 143.70958891 -38.72752995 101.263
100_0030_0169.JPG 143.70994435 -38.72746957 101.298
100_0030_0170.JPG 143.71029379 -38.72741124 101.306
100_0030_0171.JPG 143.71039295 -38.72738917 101.129
100_0030_0172.JPG 143.71050714 -38.72728288 101.163
100_0030_0173.JPG 143.71081816 -38.72709373 101.130
100_0030_0174.JPG 143.71110251 -38.72691662 101.151
100_0030_0175.JPG 143.71135948 -38.72675715 101.292
100_0030_0176.JPG 143.71136550 -38.72675040 101.280
100_0030_0177.JPG 143.71097427 -38.72681204 101.140
100_0030_0178.JPG 143.71060571 -38.72687609 101.334
100_0030_0179.JPG 143.71024710 -38.72693750 101.342
100_0030_0180.JPG 143.70988726 -38.72699867 101.246
100_0030_0181.JPG 143.70952922 -38.72705937 101.222
100_0030_0182.JPG 143.70917480 -38.72711959 101.235
100_0030_0183.JPG 143.70881734 -38.72718006 101.224
100_0030_0184.JPG 143.70845352 -38.72724135 101.304
100_0030_0185.JPG 143.70809814 -38.72730158 101.350
100_0030_0186.JPG 143.70773847 -38.72736226 101.415
100_0030_0187.JPG 143.70738434 -38.72742186 101.357
100_0030_0188.JPG 143.70702038 -38.72748400 101.369
100_0030_0189.JPG 143.70666539 -38.72754416 101.290
100_0030_0190.JPG 143.70630462 -38.72760608 101.347
100_0030_0191.JPG 143.70594617 -38.72766766 101.301
100_0030_0192.JPG 143.70558668 -38.72772942 101.347
100_0030_0193.JPG 143.70523217 -38.72778777 101.260
100_0030_0194.JPG 143.70487180 -38.72784816 101.207
100_0030_0195.JPG 143.70450900 -38.72790956 101.280
100_0030_0196.JPG 143.70415562 -38.72796958 101.388
100_0030_0197.JPG 143.70397301 -38.72800500 101.137
100_0030_0198.JPG 143.70437484 -38.72808552 101.166
100_0030_0199.JPG 143.70472509 -38.72815806 101.363
100_0030_0200.JPG 143.70508012 -38.72823073 101.389
100_0030_0201.JPG 143.70543363 -38.72830203 101.392
100_0030_0202.JPG 143.70578948 -38.72837433 101.334
100_0030_0203.JPG 143.70614195 -38.72844642 101.375
100_0030_0204.JPG 143.70648237 -38.72851689 101.401
100_0030_0205.JPG 143.70654557 -38.72852544 101.178
100_0030_0206.JPG 143.70694217 -38.72845510 101.144
100_0030_0207.JPG 143.70729844 -38.72839429 101.299
100_0030_0208.JPG 143.70765315 -38.72833388 101.340
100_0030_0209.JPG 143.70800479 -38.72827558 101.360
100_0030_0210.JPG 143.70811657 -38.72824979 101.090
100_0030_0211.JPG 143.70827251 -38.72795025 101.276
100_0030_0212.JPG 143.70840892 -38.72768695 101.309
100_0030_0213.JPG 143.70854541 -38.72742356 101.300
100_0030_0214.JPG 143.70868173 -38.72715981 101.301
100_0030_0215.JPG 143.70881833 -38.72689710 101.317
100_0030_0216.JPG 143.70893904 -38.72667846 101.246
100_0030_0217.JPG 143.70934262 -38.72661007 101.336
100_0030_0218.JPG 143.70969884 -38.72654975 101.383
100_0030_0219.JPG 143.71005568 -38.72648946 101.395
100_0030_0220.JPG 143.71041252 -38.72642994 101.367
100_0030_0221.JPG 143.71077337 -38.72636895 101.344
100_0030_0222.JPG 143.71112688 -38.72630907 101.372
100_0030_0223.JPG 143.71148743 -38.72624858 101.373
100_0030_0224.JPG 143.71184767 -38.72618643 101.400
100_0030_0225.JPG 143.71220563 -38.72612587 101.307
100_0030_0226.JPG 143.71244388 -38.72608267 101.101
100_0030_0227.JPG 143.71247653 -38.72606523 101.057
100_0030_0228.JPG 143.71253520 -38.72607237 101.100
100_0030_0229.JPG 143.71292663 -38.72600300 101.269
100_0030_0230.JPG 143.71328831 -38.72594319 101.285
100_0030_0231.JPG 143.71364271 -38.72588336 101.316
100_0030_0232.JPG 143.71400179 -38.72582298 101.321
100_0030_0233.JPG 143.71436167 -38.72576215 101.315
100_0030_0234.JPG 143.71461197 -38.72572402 101.044
100_0030_0235.JPG 143.71452626 -38.72602663 101.331
100_0030_0236.JPG 143.71444886 -38.72623153 101.317
100_0030_0237.JPG 143.71441649 -38.72622556 101.119
100_0030_0238.JPG 143.71451090 -38.72590995 101.253
100_0030_0239.JPG 143.71458905 -38.72563154 101.302
100_0030_0240.JPG 143.71466610 -38.72535524 101.349
100_0030_0241.JPG 143.71469581 -38.72522701 101.222
100_0030_0242.JPG 143.71430298 -38.72528407 101.127
100_0030_0243.JPG 143.71393743 -38.72535040 101.364
100_0030_0244.JPG 143.71358043 -38.72541422 101.416
100_0030_0245.JPG 143.71322444 -38.72547510 101.347
100_0030_0246.JPG 143.71286718 -38.72553511 101.335
100_0030_0247.JPG 143.71250444 -38.72559831 101.296
100_0030_0248.JPG 143.71214891 -38.72565913 101.345
100_0030_0249.JPG 143.71178926 -38.72571878 101.261
100_0030_0250.JPG 143.71143064 -38.72577865 101.239
100_0030_0251.JPG 143.71107683 -38.72583857 101.268
100_0030_0252.JPG 143.71071980 -38.72589871 101.285
100_0030_0253.JPG 143.71036369 -38.72595961 101.287
100_0030_0254.JPG 143.71000326 -38.72601927 101.195
100_0030_0255.JPG 143.70964902 -38.72607961 101.295
100_0030_0256.JPG 143.70931853 -38.72613875 101.325
100_0030_0257.JPG 143.70930799 -38.72613452 101.090
100_0030_0258.JPG 143.70949987 -38.72584768 101.182
100_0030_0259.JPG 143.70965780 -38.72561346 101.388
100_0030_0260.JPG 143.70967768 -38.72559428 101.379
100_0030_0261.JPG 143.71008187 -38.72552398 101.368
100_0030_0262.JPG 143.71043342 -38.72546417 101.407
100_0030_0263.JPG 143.71079739 -38.72540289 101.437
100_0030_0264.JPG 143.71115222 -38.72534278 101.414
100_0030_0265.JPG 143.71151033 -38.72528112 101.393
100_0030_0266.JPG 143.71186466 -38.72522113 101.307
100_0030_0267.JPG 143.71222885 -38.72515975 101.272
100_0030_0268.JPG 143.71258447 -38.72509945 101.246
100_0030_0269.JPG 143.71294184 -38.72503966 101.289
100_0030_0270.JPG 143.71329977 -38.72497953 101.255
100_0030_0271.JPG 143.71360304 -38.72492702 101.043
100_0030_0272.JPG 143.71320724 -38.72486691 101.133
100_0030_0273.JPG 143.71283285 -38.72481851 101.359
100_0030_0274.JPG 143.71247349 -38.72476841 101.381
100_0030_0275.JPG 143.71212205 -38.72472203 101.454
100_0030_0276.JPG 143.71203218 -38.72471304 101.294
100_0030_0277.JPG 143.71165547 -38.72477420 101.094
100_0030_0278.JPG 143.71128528 -38.72484241 101.402
100_0030_0279.JPG 143.71092979 -38.72490157 101.391
