EPSG:7843
100_0017_0001.JPG 143.67058115 -38.75468201 102.663
100_0017_0002.JPG 143.67095236 -38.75476781 102.191
100_0017_0003.JPG 143.67127759 -38.75484297 102.012
100_0017_0004.JPG 143.67151139 -38.75490064 101.818
100_0017_0005.JPG 143.67167956 -38.75515717 101.808
100_0017_0006.JPG 143.67175733 -38.75537235 102.706
100_0017_0007.JPG 143.67141508 -38.75526955 101.985
100_0017_0008.JPG 143.67107804 -38.75520354 102.772
100_0017_0009.JPG 143.67075415 -38.75512775 102.707
100_0017_0010.JPG 143.67042155 -38.75505222 102.617
100_0017_0011.JPG 143.67008531 -38.75498472 103.469
100_0017_0012.JPG 143.67003603 -38.75498268 103.859
100_0017_0013.JPG 143.67013466 -38.75526585 102.711
100_0017_0014.JPG 143.67017870 -38.75543686 103.104
100_0017_0015.JPG 143.67054469 -38.75551543 102.635
100_0017_0016.JPG 143.67087463 -38.75558894 102.083
100_0017_0017.JPG 143.67120338 -38.75566440 101.599
100_0017_0018.JPG 143.67153306 -38.75574134 101.752
100_0017_0019.JPG 143.67186197 -38.75581867 101.853
100_0017_0020.JPG 143.67203223 -38.75586166 101.876
100_0017_0021.JPG 143.67218068 -38.75610833 102.027
100_0017_0022.JPG 143.67244797 -38.75629213 102.273
100_0017_0023.JPG 143.67259160 -38.75640571 101.757
100_0017_0024.JPG 143.67224815 -38.75629949 101.916
100_0017_0025.JPG 143.67191591 -38.75622805 102.827
100_0017_0026.JPG 143.67158187 -38.75615910 103.336
100_0017_0027.JPG 143.67125318 -38.75608551 103.552
100_0017_0028.JPG 143.67091484 -38.75601660 103.904
100_0017_0029.JPG 143.67058034 -38.75594518 103.661
100_0017_0030.JPG 143.67030840 -38.75589307 103.863
100_0017_0031.JPG 143.67043259 -38.75617190 102.236
100_0017_0032.JPG 143.67048743 -38.75635209 102.816
100_0017_0033.JPG 143.67085311 -38.75643364 102.223
100_0017_0034.JPG 143.67117799 -38.75650900 102.108
100_0017_0035.JPG 143.67150897 -38.75658407 101.985
100_0017_0036.JPG 143.67183644 -38.75665892 101.751
100_0017_0037.JPG 143.67216812 -38.75673407 101.833
100_0017_0038.JPG 143.67249961 -38.75681016 101.868
100_0017_0039.JPG 143.67282916 -38.75688517 101.796
100_0017_0040.JPG 143.67315647 -38.75695943 101.816
100_0017_0041.JPG 143.67349000 -38.75703383 101.626
100_0017_0042.JPG 143.67381482 -38.75710823 101.205
100_0017_0043.JPG 143.67414296 -38.75718485 101.208
100_0017_0044.JPG 143.67446660 -38.75726180 101.525
100_0017_0045.JPG 143.67453013 -38.75728207 101.651
100_0017_0046.JPG 143.67455763 -38.75756499 102.165
100_0017_0047.JPG 143.67451541 -38.75769159 102.933
100_0017_0048.JPG 143.67417747 -38.75759159 102.068
100_0017_0049.JPG 143.67384010 -38.75752053 102.467
100_0017_0050.JPG 143.67351441 -38.75744311 102.586
100_0017_0051.JPG 143.67318284 -38.75737323 102.684
100_0017_0052.JPG 143.67285294 -38.75729785 102.816
100_0017_0053.JPG 143.67251455 -38.75722675 103.052
100_0017_0054.JPG 143.67218324 -38.75715177 103.140
100_0017_0055.JPG 143.67186173 -38.75707622 102.918
100_0017_0056.JPG 143.67154774 -38.75697812 102.667
100_0017_0057.JPG 143.67121582 -38.75690228 103.199
100_0017_0058.JPG 143.67087563 -38.75684205 103.401
100_0017_0059.JPG 143.67077351 -38.75683578 103.662
100_0017_0060.JPG 143.67094148 -38.75710469 102.230
100_0017_0061.JPG 143.67106283 -38.75732518 102.559
100_0017_0062.JPG 143.67142927 -38.75740557 101.774
100_0017_0063.JPG 143.67175389 -38.75747992 101.509
100_0017_0064.JPG 143.67208551 -38.75755646 101.341
100_0017_0065.JPG 143.67241664 -38.75763275 101.530
100_0017_0066.JPG 143.67274363 -38.75770734 101.684
100_0017_0067.JPG 143.67307560 -38.75778546 101.831
100_0017_0068.JPG 143.67340294 -38.75786020 101.998
100_0017_0069.JPG 143.67373360 -38.75793462 101.733
100_0017_0070.JPG 143.67406215 -38.75801111 101.666
100_0017_0071.JPG 143.67439264 -38.75808753 101.874
100_0017_0072.JPG 143.67450462 -38.75811975 101.774
100_0017_0073.JPG 143.67442060 -38.75839278 102.000
100_0017_0074.JPG 143.67433548 -38.75849319 102.992
100_0017_0075.JPG 143.67399758 -38.75839089 101.999
100_0017_0076.JPG 143.67365939 -38.75832403 102.282
100_0017_0077.JPG 143.67333562 -38.75824886 102.726
100_0017_0078.JPG 143.67302247 -38.75815359 102.814
100_0017_0079.JPG 143.67268847 -38.75808097 103.403
100_0017_0080.JPG 143.67238548 -38.75804611 103.882
100_0017_0081.JPG 143.67274996 -38.75813656 102.343
100_0017_0082.JPG 143.67307525 -38.75821645 101.557
100_0017_0083.JPG 143.67340462 -38.75829880 101.189
100_0017_0084.JPG 143.67372847 -38.75837783 101.107
100_0017_0085.JPG 143.67405548 -38.75846086 101.449
100_0017_0086.JPG 143.67417936 -38.75848731 101.306
100_0017_0087.JPG 143.67428971 -38.75820008 101.101
100_0017_0088.JPG 143.67438700 -38.75794286 101.457
100_0017_0089.JPG 143.67448408 -38.75768900 101.500
100_0017_0090.JPG 143.67451901 -38.75758416 101.573
100_0017_0091.JPG 143.67436938 -38.75732209 101.135
100_0017_0092.JPG 143.67420412 -38.75708999 102.149
100_0017_0093.JPG 143.67418218 -38.75706233 102.223
100_0017_0094.JPG 143.67411606 -38.75733702 101.840
100_0017_0095.JPG 143.67401371 -38.75759654 103.063
100_0017_0096.JPG 143.67392157 -38.75785220 103.322
100_0017_0097.JPG 143.67384162 -38.75810950 103.479
100_0017_0098.JPG 143.67377020 -38.75836854 103.348
100_0017_0099.JPG 143.67364148 -38.75848124 103.787
100_0017_0100.JPG 143.67329705 -38.75839177 102.861
100_0017_0101.JPG 143.67314984 -38.75836973 103.494
100_0017_0102.JPG 143.67325534 -38.75808607 101.845
100_0017_0103.JPG 143.67335261 -38.75783331 101.540
100_0017_0104.JPG 143.67344834 -38.75757610 101.533
100_0017_0105.JPG 143.67354423 -38.75731665 102.018
100_0017_0106.JPG 143.67364265 -38.75706238 102.242
100_0017_0107.JPG 143.67366925 -38.75698581 101.839
100_0017_0108.JPG 143.67333296 -38.75693356 101.828
100_0017_0109.JPG 143.67318865 -38.75683966 101.872
100_0017_0110.JPG 143.67312373 -38.75711989 101.835
100_0017_0111.JPG 143.67302007 -38.75737811 102.968
100_0017_0112.JPG 143.67290774 -38.75763506 103.687
100_0017_0113.JPG 143.67280457 -38.75789276 103.975
100_0017_0114.JPG 143.67269766 -38.75814463 104.157
100_0017_0115.JPG 143.67267053 -38.75817604 104.159
100_0017_0116.JPG 143.67237440 -38.75801666 101.963
100_0017_0117.JPG 143.67222264 -38.75796588 102.630
100_0017_0118.JPG 143.67232774 -38.75768305 102.586
100_0017_0119.JPG 143.67242409 -38.75742808 103.102
100_0017_0120.JPG 143.67252398 -38.75717247 102.833
100_0017_0121.JPG 143.67262258 -38.75691256 101.823
100_0017_0122.JPG 143.67271993 -38.75665636 101.716
100_0017_0123.JPG 143.67276365 -38.75653100 101.380
100_0017_0124.JPG 143.67250539 -38.75632187 101.587
100_0017_0125.JPG 143.67233785 -38.75624218 102.920
100_0017_0126.JPG 143.67226235 -38.75651891 102.387
100_0017_0127.JPG 143.67214603 -38.75677864 103.196
100_0017_0128.JPG 143.67204350 -38.75703649 103.537
100_0017_0129.JPG 143.67194078 -38.75729720 103.952
100_0017_0130.JPG 143.67184208 -38.75755796 104.016
100_0017_0131.JPG 143.67175710 -38.75774991 104.354
100_0017_0132.JPG 143.67147199 -38.75756393 102.082
100_0017_0133.JPG 143.67133380 -38.75747677 102.429
100_0017_0134.JPG 143.67143982 -38.75719422 101.217
100_0017_0135.JPG 143.67153677 -38.75693982 100.944
100_0017_0136.JPG 143.67163318 -38.75668332 100.910
100_0017_0137.JPG 143.67172931 -38.75642811 100.890
100_0017_0138.JPG 143.67182585 -38.75617159 101.315
100_0017_0139.JPG 143.67192441 -38.75591230 101.614
100_0017_0140.JPG 143.67197500 -38.75577221 101.802
100_0017_0141.JPG 143.67184006 -38.75550176 101.596
100_0017_0142.JPG 143.67169327 -38.75525616 102.121
100_0017_0143.JPG 143.67165823 -38.75519702 102.162
100_0017_0144.JPG 143.67157839 -38.75547655 102.257
100_0017_0145.JPG 143.67146802 -38.75573672 103.381
100_0017_0146.JPG 143.67135806 -38.75599427 103.854
100_0017_0147.JPG 143.67125876 -38.75625322 104.090
100_0017_0148.JPG 143.67117074 -38.75650425 103.864
100_0017_0149.JPG 143.67108821 -38.75676255 103.499
100_0017_0150.JPG 143.67100210 -38.75702137 103.662
100_0017_0151.JPG 143.67093012 -38.75710377 103.935
100_0017_0152.JPG 143.67078533 -38.75683512 102.410
100_0017_0153.JPG 143.67063079 -38.75659685 103.079
100_0017_0154.JPG 143.67060803 -38.75654660 103.128
100_0017_0155.JPG 143.67071297 -38.75626727 101.696
100_0017_0156.JPG 143.67080911 -38.75601192 101.552
100_0017_0157.JPG 143.67090817 -38.75575232 101.614
100_0017_0158.JPG 143.67100493 -38.75549518 101.689
100_0017_0159.JPG 143.67110255 -38.75523715 101.823
100_0017_0160.JPG 143.67119909 -38.75498149 101.832
100_0017_0161.JPG 143.67129517 -38.75472779 101.785
100_0017_0162.JPG 143.67132480 -38.75464009 101.450
100_0017_0163.JPG 143.67096126 -38.75464329 101.093
100_0017_0164.JPG 143.67077501 -38.75467643 101.852
100_0017_0165.JPG 143.67070761 -38.75495708 101.412
100_0017_0166.JPG 143.67059308 -38.75521210 102.425
100_0017_0167.JPG 143.67049547 -38.75546783 103.093
100_0017_0168.JPG 143.67040925 -38.75572172 103.209
100_0017_0169.JPG 143.67030719 -38.75589740 103.779
100_0017_0170.JPG 143.67022102 -38.75560714 102.161
100_0017_0171.JPG 143.67014199 -38.75534756 101.997
100_0017_0172.JPG 143.67007232 -38.75510807 102.001
100_0017_0173.JPG 143.67017732 -38.75483332 101.512
100_0018_0001.JPG 143.67173341 -38.75035641 102.010
100_0018_0002.JPG 143.67164452 -38.75033088 102.390
100_0018_0003.JPG 143.67128513 -38.75026495 104.295
100_0018_0004.JPG 143.67093047 -38.75023585 104.067
100_0018_0005.JPG 143.67086610 -38.75023360 104.417
100_0018_0006.JPG 143.67109613 -38.75046707 102.836
100_0018_0007.JPG 143.67130130 -38.75067947 103.381
100_0018_0008.JPG 143.67150195 -38.75088692 104.325
100_0018_0009.JPG 143.67151740 -38.75090702 104.264
100_0018_0010.JPG 143.67145057 -38.75118493 102.730
100_0018_0011.JPG 143.67135747 -38.75140740 104.064
100_0018_0012.JPG 143.67113469 -38.75117215 102.931
100_0018_0013.JPG 143.67092846 -38.75095830 104.015
100_0018_0014.JPG 143.67072110 -38.75074228 104.994
100_0018_0015.JPG 143.67051526 -38.75052779 105.430
100_0018_0016.JPG 143.67030694 -38.75031150 105.452
100_0018_0017.JPG 143.67020262 -38.75020806 104.925
100_0018_0018.JPG 143.67011601 -38.75048507 103.681
100_0018_0019.JPG 143.67003508 -38.75070199 104.643
100_0018_0020.JPG 143.67026099 -38.75093117 104.371
100_0018_0021.JPG 143.67046715 -38.75114389 104.757
100_0018_0022.JPG 143.67067599 -38.75135701 104.655
100_0018_0023.JPG 143.67088321 -38.75156792 104.515
100_0018_0024.JPG 143.67109268 -38.75178095 104.440
100_0018_0025.JPG 143.67121663 -38.75192111 104.991
100_0018_0026.JPG 143.67113698 -38.75219956 103.936
100_0018_0027.JPG 143.67111492 -38.75226991 104.360
100_0018_0028.JPG 143.67113544 -38.75249347 104.474
100_0018_0029.JPG 143.67091336 -38.75225976 103.254
100_0018_0030.JPG 143.67070038 -38.75204476 103.871
100_0018_0031.JPG 143.67049434 -38.75183083 104.232
100_0018_0032.JPG 143.67028790 -38.75161847 104.304
100_0018_0033.JPG 143.67007870 -38.75140400 104.217
100_0018_0034.JPG 143.66987952 -38.75120120 104.379
100_0018_0035.JPG 143.66986887 -38.75119448 104.164
100_0018_0036.JPG 143.66984646 -38.75147647 103.505
100_0018_0037.JPG 143.66978447 -38.75173794 104.135
100_0018_0038.JPG 143.66978339 -38.75176710 104.255
100_0018_0039.JPG 143.67000995 -38.75198455 102.955
100_0018_0040.JPG 143.67021186 -38.75220841 103.160
100_0018_0041.JPG 143.67041865 -38.75242338 103.959
100_0018_0042.JPG 143.67062682 -38.75263660 104.501
100_0018_0043.JPG 143.67083622 -38.75285361 104.667
100_0018_0044.JPG 143.67104337 -38.75306596 104.478
100_0018_0045.JPG 143.67121398 -38.75324959 104.608
100_0018_0046.JPG 143.67125612 -38.75352602 103.451
100_0018_0047.JPG 143.67125701 -38.75365039 103.583
100_0018_0048.JPG 143.67128678 -38.75391738 104.458
100_0018_0049.JPG 143.67129077 -38.75398673 104.347
100_0018_0050.JPG 143.67106543 -38.75375186 103.166
100_0018_0051.JPG 143.67085811 -38.75353947 103.717
100_0018_0052.JPG 143.67065073 -38.75332620 104.030
100_0018_0053.JPG 143.67044024 -38.75311272 103.952
100_0018_0054.JPG 143.67023214 -38.75289928 104.244
100_0018_0055.JPG 143.67002597 -38.75268791 104.164
100_0018_0056.JPG 143.66982328 -38.75247356 104.041
100_0018_0057.JPG 143.66968964 -38.75233942 103.391
100_0018_0058.JPG 143.66970737 -38.75262621 103.005
100_0018_0059.JPG 143.66969018 -38.75290157 104.275
100_0018_0060.JPG 143.66969399 -38.75301745 105.207
100_0018_0061.JPG 143.66992540 -38.75323746 103.308
100_0018_0062.JPG 143.67012838 -38.75345258 102.708
100_0018_0063.JPG 143.67033561 -38.75366522 102.977
100_0018_0064.JPG 143.67054471 -38.75387985 103.575
100_0018_0065.JPG 143.67075104 -38.75409395 104.140
100_0018_0066.JPG 143.67095827 -38.75430800 104.502
100_0018_0067.JPG 143.67116638 -38.75452275 104.875
100_0018_0068.JPG 143.67135593 -38.75472140 105.277
100_0018_0069.JPG 143.67134296 -38.75472635 104.833
100_0018_0070.JPG 143.67099007 -38.75478713 103.415
100_0018_0071.JPG 143.67079771 -38.75481781 103.926
100_0018_0072.JPG 143.67059347 -38.75457954 101.930
100_0018_0073.JPG 143.67037204 -38.75437031 102.726
100_0018_0074.JPG 143.67016174 -38.75415430 103.643
100_0018_0075.JPG 143.66995175 -38.75394276 104.398
100_0018_0076.JPG 143.66976318 -38.75375369 104.356
100_0018_0077.JPG 143.66984360 -38.75403163 103.510
100_0018_0078.JPG 143.66988073 -38.75430067 103.885
100_0018_0079.JPG 143.66990275 -38.75456460 104.881
100_0018_0080.JPG 143.66993905 -38.75459835 104.866
100_0018_0081.JPG 143.67013081 -38.75479315 103.995
100_0018_0082.JPG 143.67024179 -38.75491332 103.590
100_0018_0083.JPG 143.67021488 -38.75491304 103.132
100_0018_0084.JPG 143.67052414 -38.75473756 103.083
100_0018_0085.JPG 143.67079369 -38.75457804 103.433
100_0018_0086.JPG 143.67106813 -38.75441573 103.431
100_0018_0087.JPG 143.67132544 -38.75426450 103.518
100_0018_0088.JPG 143.67132958 -38.75424268 103.437
100_0018_0089.JPG 143.67129107 -38.75396078 103.118
100_0018_0090.JPG 143.67126728 -38.75379572 103.118
100_0018_0091.JPG 143.67098201 -38.75396224 102.896
100_0018_0092.JPG 143.67070236 -38.75411700 103.407
100_0018_0093.JPG 143.67042551 -38.75428483 104.252
100_0018_0094.JPG 143.67016170 -38.75444422 103.626
100_0018_0095.JPG 143.66990941 -38.75458751 103.853
100_0018_0096.JPG 143.66985876 -38.75429596 102.625
100_0018_0097.JPG 143.66983569 -38.75413398 102.805
100_0018_0098.JPG 143.67013453 -38.75395303 102.804
100_0018_0099.JPG 143.67040645 -38.75379455 102.844
100_0018_0100.JPG 143.67068022 -38.75363362 103.331
100_0018_0101.JPG 143.67095226 -38.75347209 103.504
100_0018_0102.JPG 143.67121115 -38.75332072 103.530
100_0018_0103.JPG 143.67121574 -38.75329794 103.326
100_0018_0104.JPG 143.67119140 -38.75302117 102.131
100_0018_0105.JPG 143.67116769 -38.75284262 101.926
100_0018_0106.JPG 143.67087538 -38.75300981 102.297
100_0018_0107.JPG 143.67059603 -38.75317597 103.257
100_0018_0108.JPG 143.67032499 -38.75333694 103.280
100_0018_0109.JPG 143.67005849 -38.75350086 103.358
100_0018_0110.JPG 143.66978464 -38.75366335 104.089
100_0018_0111.JPG 143.66974828 -38.75367297 104.355
100_0018_0112.JPG 143.66972036 -38.75337734 102.607
100_0018_0113.JPG 143.66971209 -38.75319601 102.373
100_0018_0114.JPG 143.67000874 -38.75301980 102.924
100_0018_0115.JPG 143.67028277 -38.75285844 103.250
100_0018_0116.JPG 143.67055706 -38.75269775 103.331
100_0018_0117.JPG 143.67083022 -38.75253571 103.215
100_0018_0118.JPG 143.67110186 -38.75238008 102.600
100_0018_0119.JPG 143.67113370 -38.75235549 102.302
100_0018_0120.JPG 143.67111787 -38.75223407 102.146
100_0018_0121.JPG 143.67120579 -38.75196115 102.228
100_0018_0122.JPG 143.67125375 -38.75178370 102.205
100_0018_0123.JPG 143.67096805 -38.75194853 102.455
100_0018_0124.JPG 143.67069366 -38.75210755 103.631
100_0018_0125.JPG 143.67042333 -38.75225280 103.469
100_0018_0126.JPG 143.67013591 -38.75242465 103.305
100_0018_0127.JPG 143.66986181 -38.75259694 103.109
100_0018_0128.JPG 143.66966352 -38.75271240 103.711
100_0018_0129.JPG 143.66968923 -38.75241443 102.178
100_0018_0130.JPG 143.66971500 -38.75218361 102.371
100_0018_0131.JPG 143.67001049 -38.75201008 102.836
100_0018_0132.JPG 143.67028396 -38.75184898 103.250
100_0018_0133.JPG 143.67055725 -38.75168709 103.411
100_0018_0134.JPG 143.67083118 -38.75152616 103.418
100_0018_0135.JPG 143.67110390 -38.75136430 103.272
100_0018_0136.JPG 143.67137628 -38.75120323 103.344
100_0018_0137.JPG 143.67144794 -38.75115785 103.224
100_0018_0138.JPG 143.67152611 -38.75087688 102.111
100_0018_0139.JPG 143.67160189 -38.75061932 102.114
100_0018_0140.JPG 143.67162214 -38.75055463 101.920
100_0018_0141.JPG 143.67133933 -38.75073004 103.387
100_0018_0142.JPG 143.67104457 -38.75089441 103.461
100_0018_0143.JPG 143.67076810 -38.75105614 103.090
100_0018_0144.JPG 143.67050296 -38.75121822 103.170
100_0018_0145.JPG 143.67022098 -38.75137624 103.376
100_0018_0146.JPG 143.66994575 -38.75154282 104.129
100_0018_0147.JPG 143.66978610 -38.75162761 104.549
100_0018_0148.JPG 143.66985051 -38.75133387 102.256
100_0018_0149.JPG 143.66990201 -38.75107980 101.877
100_0018_0150.JPG 143.66991492 -38.75105470 101.820
100_0018_0151.JPG 143.67021203 -38.75088106 102.231
100_0018_0152.JPG 143.67048105 -38.75072122 102.647
100_0018_0153.JPG 143.67075810 -38.75055837 102.825
100_0018_0154.JPG 143.67103093 -38.75039575 102.918
100_0018_0155.JPG 143.67122949 -38.75027519 102.841
100_0018_0156.JPG 143.67086343 -38.75020918 102.195
100_0018_0157.JPG 143.67055231 -38.75016838 103.756
100_0018_0158.JPG 143.67027840 -38.75032202 101.716
100_0019_0001.JPG 143.67307038 -38.74507050 102.851
100_0019_0002.JPG 143.67274885 -38.74519222 102.961
100_0019_0003.JPG 143.67261153 -38.74523585 103.598
100_0019_0004.JPG 143.67248676 -38.74548371 102.841
100_0019_0005.JPG 143.67236092 -38.74565909 103.572
100_0019_0006.JPG 143.67219990 -38.74582971 104.237
100_0019_0007.JPG 143.67253993 -38.74570189 103.345
100_0019_0008.JPG 143.67284688 -38.74558690 103.103
100_0019_0009.JPG 143.67315458 -38.74547175 103.101
100_0019_0010.JPG 143.67346743 -38.74535593 103.139
100_0019_0011.JPG 143.67354806 -38.74533187 102.931
100_0019_0012.JPG 143.67366572 -38.74560745 102.272
100_0019_0013.JPG 143.67367094 -38.74572594 103.262
100_0019_0014.JPG 143.67334465 -38.74584551 102.289
100_0019_0015.JPG 143.67303525 -38.74596491 102.745
100_0019_0016.JPG 143.67274348 -38.74608038 102.602
100_0019_0017.JPG 143.67243053 -38.74619109 103.133
100_0019_0018.JPG 143.67210791 -38.74630600 103.083
100_0019_0019.JPG 143.67179982 -38.74642497 103.213
100_0019_0020.JPG 143.67173936 -38.74645269 103.399
100_0019_0021.JPG 143.67158231 -38.74670307 103.354
100_0019_0022.JPG 143.67139971 -38.74693789 104.316
100_0019_0023.JPG 143.67131566 -38.74704961 105.290
100_0019_0024.JPG 143.67166300 -38.74691865 103.549
100_0019_0025.JPG 143.67197251 -38.74680405 103.327
100_0019_0026.JPG 143.67228455 -38.74668837 103.274
100_0019_0027.JPG 143.67259365 -38.74657328 103.275
100_0019_0028.JPG 143.67290411 -38.74645732 103.263
100_0019_0029.JPG 143.67320285 -38.74634569 103.318
100_0019_0030.JPG 143.67323013 -38.74633721 103.151
100_0019_0031.JPG 143.67309178 -38.74660144 103.064
100_0019_0032.JPG 143.67290632 -38.74682728 104.024
100_0019_0033.JPG 143.67286502 -38.74688631 104.286
100_0019_0034.JPG 143.67279194 -38.74695376 104.479
100_0019_0035.JPG 143.67245875 -38.74707279 103.244
100_0019_0036.JPG 143.67214472 -38.74719162 102.764
100_0019_0037.JPG 143.67183282 -38.74730573 103.317
100_0019_0038.JPG 143.67151798 -38.74741764 103.800
100_0019_0039.JPG 143.67120586 -38.74753330 104.243
100_0019_0040.JPG 143.67101049 -38.74761338 103.991
100_0019_0041.JPG 143.67094055 -38.74788149 102.464
100_0019_0042.JPG 143.67080617 -38.74812237 103.027
100_0019_0043.JPG 143.67081734 -38.74812208 103.132
100_0019_0044.JPG 143.67115209 -38.74799684 102.545
100_0019_0045.JPG 143.67145911 -38.74788355 102.214
100_0019_0046.JPG 143.67177244 -38.74776740 102.250
100_0019_0047.JPG 143.67208715 -38.74765099 102.213
100_0019_0048.JPG 143.67236992 -38.74754357 102.303
100_0019_0049.JPG 143.67237009 -38.74754969 102.065
100_0019_0050.JPG 143.67221093 -38.74780541 101.760
100_0019_0051.JPG 143.67214656 -38.74789295 102.208
100_0019_0052.JPG 143.67207943 -38.74810569 102.749
100_0019_0053.JPG 143.67175903 -38.74822495 102.304
100_0019_0054.JPG 143.67144653 -38.74833610 102.603
100_0019_0055.JPG 143.67113807 -38.74844758 102.710
100_0019_0056.JPG 143.67083262 -38.74856579 103.087
100_0019_0057.JPG 143.67066913 -38.74862976 103.734
100_0019_0058.JPG 143.67063917 -38.74890778 102.952
100_0019_0059.JPG 143.67055178 -38.74911664 103.986
100_0019_0060.JPG 143.67088898 -38.74899098 103.218
100_0019_0061.JPG 143.67119862 -38.74887573 103.167
100_0019_0062.JPG 143.67151028 -38.74875945 103.114
100_0019_0063.JPG 143.67181789 -38.74864373 103.186
100_0019_0064.JPG 143.67193743 -38.74860341 102.958
100_0019_0065.JPG 143.67188518 -38.74888714 102.639
100_0019_0066.JPG 143.67178705 -38.74910717 104.131
100_0019_0067.JPG 143.67146598 -38.74921589 102.418
100_0019_0068.JPG 143.67116050 -38.74933873 102.655
100_0019_0069.JPG 143.67085398 -38.74945527 103.211
100_0019_0070.JPG 143.67055335 -38.74957312 103.193
100_0019_0071.JPG 143.67040726 -38.74962568 103.599
100_0019_0072.JPG 143.67032882 -38.74990878 103.221
100_0019_0073.JPG 143.67027516 -38.75010770 103.586
100_0019_0074.JPG 143.67061811 -38.74998153 102.397
100_0019_0075.JPG 143.67092901 -38.74986738 101.972
100_0019_0076.JPG 143.67124145 -38.74975066 102.222
100_0019_0077.JPG 143.67155096 -38.74963483 102.442
100_0019_0078.JPG 143.67164772 -38.74960422 102.511
100_0019_0079.JPG 143.67158338 -38.74988565 102.133
100_0019_0080.JPG 143.67149677 -38.75010519 103.716
100_0019_0081.JPG 143.67117713 -38.75022386 102.093
100_0019_0082.JPG 143.67098600 -38.75028820 102.310
100_0019_0083.JPG 143.67065146 -38.75022290 100.354
100_0019_0084.JPG 143.67056567 -38.75021603 101.218
100_0019_0085.JPG 143.67042442 -38.74995355 101.890
100_0019_0086.JPG 143.67034411 -38.74984315 102.693
100_0019_0087.JPG 143.67042319 -38.74956224 102.690
100_0019_0088.JPG 143.67049400 -38.74930188 101.958
100_0019_0089.JPG 143.67052456 -38.74920934 101.326
100_0019_0090.JPG 143.67071950 -38.74945286 101.184
100_0019_0091.JPG 143.67084515 -38.74970502 102.813
100_0019_0092.JPG 143.67098195 -38.74995643 103.815
100_0019_0093.JPG 143.67113531 -38.75019037 103.828
100_0019_0094.JPG 143.67119996 -38.75030161 103.638
100_0019_0095.JPG 143.67143079 -38.75007250 103.022
100_0019_0096.JPG 143.67155415 -38.74994352 102.589
100_0019_0097.JPG 143.67140154 -38.74968190 101.636
100_0019_0098.JPG 143.67123709 -38.74944377 102.277
100_0019_0099.JPG 143.67108921 -38.74920216 103.058
100_0019_0100.JPG 143.67094331 -38.74895849 103.032
100_0019_0101.JPG 143.67079426 -38.74871858 102.995
100_0019_0102.JPG 143.67069068 -38.74854814 103.661
100_0019_0103.JPG 143.67076976 -38.74826519 102.806
100_0019_0104.JPG 143.67083980 -38.74800696 102.527
100_0019_0105.JPG 143.67087163 -38.74791610 102.240
100_0019_0106.JPG 143.67104769 -38.74816988 102.133
100_0019_0107.JPG 143.67118293 -38.74842116 103.239
100_0019_0108.JPG 143.67133242 -38.74866509 104.040
100_0019_0109.JPG 143.67148005 -38.74890657 103.866
100_0019_0110.JPG 143.67162925 -38.74914343 103.188
100_0019_0111.JPG 143.67173306 -38.74931066 102.938
100_0019_0112.JPG 143.67182115 -38.74902337 102.452
100_0019_0113.JPG 143.67189710 -38.74876849 102.529
100_0019_0114.JPG 143.67191626 -38.74868041 102.362
100_0019_0115.JPG 143.67175961 -38.74841795 102.138
100_0019_0116.JPG 143.67160565 -38.74817876 102.755
100_0019_0117.JPG 143.67145798 -38.74793686 103.210
100_0019_0118.JPG 143.67130946 -38.74769393 103.616
100_0019_0119.JPG 143.67116083 -38.74745598 103.900
100_0019_0120.JPG 143.67112521 -38.74739272 103.900
100_0019_0121.JPG 143.67128481 -38.74712752 102.951
100_0019_0122.JPG 143.67140954 -38.74693149 102.066
100_0019_0123.JPG 143.67157734 -38.74719137 102.106
100_0019_0124.JPG 143.67172125 -38.74743573 102.847
100_0019_0125.JPG 143.67187206 -38.74767690 102.927
100_0019_0126.JPG 143.67201829 -38.74791692 103.027
100_0019_0127.JPG 143.67210148 -38.74804863 103.106
100_0019_0128.JPG 143.67216173 -38.74785897 102.339
100_0019_0129.JPG 143.67233345 -38.74761987 102.042
100_0019_0130.JPG 143.67237280 -38.74755565 101.809
100_0019_0131.JPG 143.67220791 -38.74728993 101.680
100_0019_0132.JPG 143.67205820 -38.74704933 102.545
100_0019_0133.JPG 143.67190942 -38.74680858 103.120
100_0019_0134.JPG 143.67176117 -38.74657006 103.314
100_0019_0135.JPG 143.67171742 -38.74648744 103.205
100_0019_0136.JPG 143.67190126 -38.74623185 102.598
100_0019_0137.JPG 143.67202597 -38.74606968 102.717
100_0019_0138.JPG 143.67219292 -38.74633227 101.904
100_0019_0139.JPG 143.67233771 -38.74657603 102.231
100_0019_0140.JPG 143.67248662 -38.74681551 102.542
100_0019_0141.JPG 143.67263232 -38.74705942 103.206
100_0019_0142.JPG 143.67267471 -38.74711716 103.447
100_0019_0143.JPG 143.67285122 -38.74686477 102.283
100_0019_0144.JPG 143.67289785 -38.74680134 102.083
100_0019_0145.JPG 143.67297595 -38.74668395 101.742
100_0019_0146.JPG 143.67281240 -38.74642032 101.902
100_0019_0147.JPG 143.67266073 -38.74617704 102.636
100_0019_0148.JPG 143.67251430 -38.74593660 102.646
100_0019_0149.JPG 143.67236590 -38.74569680 102.765
100_0019_0150.JPG 143.67232826 -38.74562732 102.874
100_0019_0151.JPG 143.67251331 -38.74537123 102.238
100_0019_0152.JPG 143.67263697 -38.74520654 102.122
100_0019_0153.JPG 143.67280496 -38.74547257 102.172
100_0019_0154.JPG 143.67295261 -38.74571250 102.541
100_0019_0155.JPG 143.67309774 -38.74595223 102.490
100_0019_0156.JPG 143.67324512 -38.74619501 102.813
100_0019_0157.JPG 143.67329038 -38.74625423 102.750
100_0019_0158.JPG 143.67347729 -38.74599894 102.188
100_0019_0159.JPG 143.67359397 -38.74582881 102.210
100_0019_0160.JPG 143.67343220 -38.74556492 101.693
100_0019_0161.JPG 143.67328435 -38.74532380 101.880
100_0020_0001.JPG 143.67748067 -38.74031034 103.057
100_0020_0002.JPG 143.67710270 -38.74034798 102.606
100_0020_0003.JPG 143.67676726 -38.74041170 103.122
100_0020_0004.JPG 143.67670195 -38.74043929 103.394
100_0020_0005.JPG 143.67651106 -38.74066303 103.152
100_0020_0006.JPG 143.67630792 -38.74087820 103.238
100_0020_0007.JPG 143.67612298 -38.74107519 103.436
100_0020_0008.JPG 143.67649885 -38.74101475 102.339
100_0020_0009.JPG 143.67683184 -38.74096263 102.201
100_0020_0010.JPG 143.67717183 -38.74091039 102.202
100_0020_0011.JPG 143.67750607 -38.74085863 102.027
100_0020_0012.JPG 143.67784716 -38.74080693 102.183
100_0020_0013.JPG 143.67815778 -38.74075990 102.587
100_0020_0014.JPG 143.67816616 -38.74076265 102.515
100_0020_0015.JPG 143.67795716 -38.74100309 102.145
100_0020_0016.JPG 143.67775102 -38.74122198 102.783
100_0020_0017.JPG 143.67756760 -38.74140485 103.384
100_0020_0018.JPG 143.67721971 -38.74143876 103.052
100_0020_0019.JPG 143.67687940 -38.74149473 102.992
100_0020_0020.JPG 143.67653495 -38.74155505 103.331
100_0020_0021.JPG 143.67619442 -38.74160693 103.464
100_0020_0022.JPG 143.67586271 -38.74165221 103.521
100_0020_0023.JPG 143.67553227 -38.74170816 103.250
100_0020_0024.JPG 143.67550283 -38.74172254 103.473
100_0020_0025.JPG 143.67530633 -38.74194670 103.148
100_0020_0026.JPG 143.67510494 -38.74216183 103.041
100_0020_0027.JPG 143.67493115 -38.74234595 103.967
100_0020_0028.JPG 143.67530793 -38.74228818 102.991
100_0020_0029.JPG 143.67564262 -38.74223708 102.647
100_0020_0030.JPG 143.67597818 -38.74218507 102.576
100_0020_0031.JPG 143.67631773 -38.74213357 102.436
100_0020_0032.JPG 143.67665485 -38.74208228 102.562
100_0020_0033.JPG 143.67692492 -38.74204509 102.584
100_0020_0034.JPG 143.67673433 -38.74227909 102.178
100_0020_0035.JPG 143.67651254 -38.74248836 103.110
100_0020_0036.JPG 143.67637678 -38.74261611 103.474
100_0020_0037.JPG 143.67629633 -38.74268971 103.779
100_0020_0038.JPG 143.67594983 -38.74271563 102.455
100_0020_0039.JPG 143.67560685 -38.74277541 102.475
100_0020_0040.JPG 143.67526646 -38.74282796 102.690
100_0020_0041.JPG 143.67492685 -38.74287593 103.120
100_0020_0042.JPG 143.67459356 -38.74293064 103.310
100_0020_0043.JPG 143.67429336 -38.74299107 103.419
100_0020_0044.JPG 143.67411515 -38.74322559 103.173
100_0020_0045.JPG 143.67390791 -38.74344680 103.832
100_0020_0046.JPG 143.67373447 -38.74362292 104.165
100_0020_0047.JPG 143.67411080 -38.74356470 102.700
100_0020_0048.JPG 143.67444713 -38.74351501 102.925
100_0020_0049.JPG 143.67478601 -38.74346208 102.685
100_0020_0050.JPG 143.67512242 -38.74341043 102.267
100_0020_0051.JPG 143.67545895 -38.74335946 102.180
100_0020_0052.JPG 143.67578186 -38.74330802 102.029
100_0020_0053.JPG 143.67581686 -38.74330605 101.807
100_0020_0054.JPG 143.67567016 -38.74355937 101.951
100_0020_0055.JPG 143.67546470 -38.74378641 103.041
100_0020_0056.JPG 143.67533109 -38.74392908 103.412
100_0020_0057.JPG 143.67496768 -38.74397163 103.112
100_0020_0058.JPG 143.67463076 -38.74402882 102.825
100_0020_0059.JPG 143.67429480 -38.74408211 102.765
100_0020_0060.JPG 143.67395067 -38.74413511 102.785
100_0020_0061.JPG 143.67360874 -38.74418937 103.459
100_0020_0062.JPG 143.67328648 -38.74424079 103.773
100_0020_0063.JPG 143.67326579 -38.74425883 103.887
100_0020_0064.JPG 143.67310492 -38.74449359 103.246
100_0020_0065.JPG 143.67293098 -38.74472942 103.040
100_0020_0066.JPG 143.67284203 -38.74485584 103.455
100_0020_0067.JPG 143.67322085 -38.74479715 102.240
100_0020_0068.JPG 143.67355425 -38.74474595 102.338
100_0020_0069.JPG 143.67389536 -38.74469284 102.438
100_0020_0070.JPG 143.67423463 -38.74464117 102.264
100_0020_0071.JPG 143.67457137 -38.74458973 102.179
100_0020_0072.JPG 143.67484751 -38.74454929 102.032
100_0020_0073.JPG 143.67470152 -38.74480296 102.666
100_0020_0074.JPG 143.67448772 -38.74503582 103.167
100_0020_0075.JPG 143.67435268 -38.74517524 103.691
100_0020_0076.JPG 143.67399632 -38.74521605 103.423
100_0020_0077.JPG 143.67365518 -38.74527465 103.121
100_0020_0078.JPG 143.67352928 -38.74529433 103.268
100_0020_0079.JPG 143.67319732 -38.74517909 103.095
100_0020_0080.JPG 143.67309158 -38.74514009 103.499
100_0020_0081.JPG 143.67302269 -38.74484795 102.315
100_0020_0082.JPG 143.67298160 -38.74465095 101.929
100_0020_0083.JPG 143.67316591 -38.74439561 101.879
100_0020_0084.JPG 143.67333593 -38.74416574 101.819
100_0020_0085.JPG 143.67349398 -38.74394945 101.782
100_0020_0086.JPG 143.67350104 -38.74394681 101.717
100_0020_0087.JPG 143.67361656 -38.74421903 101.827
100_0020_0088.JPG 143.67366405 -38.74448820 103.032
100_0020_0089.JPG 143.67371233 -38.74476145 104.050
100_0020_0090.JPG 143.67377267 -38.74502930 104.530
100_0020_0091.JPG 143.67384033 -38.74529031 104.738
100_0020_0092.JPG 143.67386979 -38.74539588 104.430
100_0020_0093.JPG 143.67417266 -38.74521134 103.335
100_0020_0094.JPG 143.67443185 -38.74505269 103.105
100_0020_0095.JPG 143.67447270 -38.74501997 102.905
100_0020_0096.JPG 143.67440317 -38.74472927 102.026
100_0020_0097.JPG 143.67433320 -38.74446873 102.560
100_0020_0098.JPG 143.67426698 -38.74420478 103.068
100_0020_0099.JPG 143.67420130 -38.74394281 103.366
100_0020_0100.JPG 143.67413687 -38.74367850 103.205
100_0020_0101.JPG 143.67406932 -38.74341541 103.334
100_0020_0102.JPG 143.67403540 -38.74326118 103.378
100_0020_0103.JPG 143.67426502 -38.74302721 102.920
100_0020_0104.JPG 143.67447058 -38.74281543 102.889
100_0020_0105.JPG 143.67458977 -38.74270149 102.640
100_0020_0106.JPG 143.67472636 -38.74296763 102.656
100_0020_0107.JPG 143.67478709 -38.74323078 103.739
100_0020_0108.JPG 143.67482981 -38.74349926 104.437
100_0020_0109.JPG 143.67488265 -38.74377083 104.669
100_0020_0110.JPG 143.67493914 -38.74403389 104.762
100_0020_0111.JPG 143.67499526 -38.74429590 104.883
100_0020_0112.JPG 143.67500678 -38.74434047 105.054
100_0020_0113.JPG 143.67520993 -38.74408421 103.855
100_0020_0114.JPG 143.67538845 -38.74385657 103.263
100_0020_0115.JPG 143.67553478 -38.74365923 102.917
100_0020_0116.JPG 143.67546368 -38.74337163 102.434
100_0020_0117.JPG 143.67539615 -38.74310885 102.876
100_0020_0118.JPG 143.67533145 -38.74284546 103.100
100_0020_0119.JPG 143.67526520 -38.74258351 102.957
100_0020_0120.JPG 143.67519757 -38.74231890 103.194
100_0020_0121.JPG 143.67514965 -38.74210388 102.917
100_0020_0122.JPG 143.67537480 -38.74186466 102.805
100_0020_0123.JPG 143.67557492 -38.74165126 102.853
100_0020_0124.JPG 143.67570068 -38.74152530 102.678
100_0020_0125.JPG 143.67582160 -38.74179714 102.899
100_0020_0126.JPG 143.67587988 -38.74206151 103.654
100_0020_0127.JPG 143.67591475 -38.74233869 103.720
100_0020_0128.JPG 143.67597228 -38.74260767 104.044
100_0020_0129.JPG 143.67603765 -38.74286899 104.216
100_0020_0130.JPG 143.67606666 -38.74298376 104.480
100_0020_0131.JPG 143.67626992 -38.74272868 103.332
100_0020_0132.JPG 143.67639211 -38.74257785 102.870
100_0020_0133.JPG 143.67659714 -38.74237609 102.482
100_0020_0134.JPG 143.67660854 -38.74235385 102.394
100_0020_0135.JPG 143.67653646 -38.74207016 102.075
100_0020_0136.JPG 143.67647148 -38.74180862 102.540
100_0020_0137.JPG 143.67640419 -38.74154295 102.980
100_0020_0138.JPG 143.67633650 -38.74127963 103.746
100_0020_0139.JPG 143.67627043 -38.74101737 104.344
100_0020_0140.JPG 143.67625214 -38.74092385 104.090
100_0020_0141.JPG 143.67647998 -38.74068623 103.414
100_0020_0142.JPG 143.67668191 -38.74047064 103.432
100_0020_0143.JPG 143.67680476 -38.74034626 103.323
100_0020_0144.JPG 143.67690998 -38.74062501 103.138
100_0020_0145.JPG 143.67695318 -38.74089779 103.927
100_0020_0146.JPG 143.67701362 -38.74116128 104.421
100_0020_0147.JPG 143.67708031 -38.74142270 104.432
100_0020_0148.JPG 143.67714843 -38.74168522 104.467
100_0020_0149.JPG 143.67717487 -38.74180010 104.562
100_0020_0150.JPG 143.67741371 -38.74156447 103.598
100_0020_0151.JPG 143.67762356 -38.74135603 103.105
100_0020_0152.JPG 143.67773225 -38.74124243 102.837
100_0020_0153.JPG 143.67768105 -38.74095717 102.098
100_0020_0154.JPG 143.67759623 -38.74069040 102.930
100_0020_0155.JPG 143.67752889 -38.74042805 103.698
100_0021_0001.JPG 143.68288333 -38.73599883 103.180
100_0021_0002.JPG 143.68327106 -38.73602811 103.121
100_0021_0003.JPG 143.68360134 -38.73605503 103.376
100_0021_0004.JPG 143.68368239 -38.73606628 103.284
100_0021_0005.JPG 143.68390898 -38.73630214 102.566
100_0021_0006.JPG 143.68411462 -38.73651955 103.274
100_0021_0007.JPG 143.68423142 -38.73664667 103.563
100_0021_0008.JPG 143.68386095 -38.73661542 102.291
100_0021_0009.JPG 143.68350894 -38.73658856 102.681
100_0021_0010.JPG 143.68316864 -38.73655859 103.800
100_0021_0011.JPG 143.68282669 -38.73652921 103.731
100_0021_0012.JPG 143.68248797 -38.73649911 104.082
100_0021_0013.JPG 143.68221675 -38.73648350 104.447
100_0021_0014.JPG 143.68196936 -38.73668632 102.619
100_0021_0015.JPG 143.68171319 -38.73686642 102.543
100_0021_0016.JPG 143.68158001 -38.73696581 103.396
100_0021_0017.JPG 143.68196317 -38.73699651 103.112
100_0021_0018.JPG 143.68229927 -38.73702524 103.104
100_0021_0019.JPG 143.68264156 -38.73705479 102.991
100_0021_0020.JPG 143.68298275 -38.73708344 103.135
100_0021_0021.JPG 143.68332302 -38.73711215 103.090
100_0021_0022.JPG 143.68363274 -38.73713800 102.884
100_0021_0023.JPG 143.68362974 -38.73714556 102.612
100_0021_0024.JPG 143.68339288 -38.73734994 102.810
100_0021_0025.JPG 143.68312230 -38.73752131 104.163
100_0021_0026.JPG 143.68292692 -38.73762245 104.396
100_0021_0027.JPG 143.68257711 -38.73757426 103.477
100_0021_0028.JPG 143.68223632 -38.73753982 103.031
100_0021_0029.JPG 143.68188609 -38.73751347 103.335
100_0021_0030.JPG 143.68154154 -38.73748818 102.878
100_0021_0031.JPG 143.68119881 -38.73746027 102.592
100_0021_0032.JPG 143.68089996 -38.73744941 102.815
100_0021_0033.JPG 143.68065604 -38.73764934 101.255
100_0021_0034.JPG 143.68039169 -38.73783116 102.187
100_0021_0035.JPG 143.68025665 -38.73793038 103.212
100_0021_0036.JPG 143.68064087 -38.73796176 102.481
100_0021_0037.JPG 143.68097886 -38.73799021 102.249
100_0021_0038.JPG 143.68132208 -38.73801953 102.233
100_0021_0039.JPG 143.68166234 -38.73804938 102.342
100_0021_0040.JPG 143.68200312 -38.73807957 102.287
100_0021_0041.JPG 143.68221028 -38.73810182 102.384
100_0021_0042.JPG 143.68195502 -38.73830244 101.736
100_0021_0043.JPG 143.68168471 -38.73847361 102.985
100_0021_0044.JPG 143.68149597 -38.73857728 103.780
100_0021_0045.JPG 143.68114622 -38.73853137 102.154
100_0021_0046.JPG 143.68079435 -38.73851557 102.100
100_0021_0047.JPG 143.68045272 -38.73847784 102.430
100_0021_0048.JPG 143.68011282 -38.73845106 102.993
100_0021_0049.JPG 143.67977062 -38.73842472 102.706
100_0021_0050.JPG 143.67957859 -38.73841664 103.246
100_0021_0051.JPG 143.67932687 -38.73862039 101.856
100_0021_0052.JPG 143.67907255 -38.73879822 102.273
100_0021_0053.JPG 143.67893862 -38.73889650 103.198
100_0021_0054.JPG 143.67931925 -38.73892792 102.616
100_0021_0055.JPG 143.67965784 -38.73895675 102.837
100_0021_0056.JPG 143.68000052 -38.73898594 103.014
100_0021_0057.JPG 143.68034476 -38.73901671 103.138
100_0021_0058.JPG 143.68068124 -38.73904540 102.945
100_0021_0059.JPG 143.68078834 -38.73905556 102.589
100_0021_0060.JPG 143.68053796 -38.73925640 101.892
100_0021_0061.JPG 143.68027204 -38.73943349 102.974
100_0021_0062.JPG 143.68008255 -38.73953757 103.748
100_0021_0063.JPG 143.67972931 -38.73948632 102.798
100_0021_0064.JPG 143.67937934 -38.73946762 102.799
100_0021_0065.JPG 143.67903260 -38.73943923 102.883
100_0021_0066.JPG 143.67868871 -38.73941309 102.835
100_0021_0067.JPG 143.67834505 -38.73938631 102.989
100_0021_0068.JPG 143.67826255 -38.73938380 103.101
100_0021_0069.JPG 143.67803710 -38.73958920 101.523
100_0021_0070.JPG 143.67780748 -38.73978278 102.993
100_0021_0071.JPG 143.67763090 -38.73986498 104.150
100_0021_0072.JPG 143.67800952 -38.73989482 103.253
100_0021_0073.JPG 143.67834648 -38.73992494 102.419
100_0021_0074.JPG 143.67869167 -38.73995407 102.294
100_0021_0075.JPG 143.67903097 -38.73998411 102.467
100_0021_0076.JPG 143.67935017 -38.74001209 102.784
100_0021_0077.JPG 143.67937018 -38.74001659 102.486
100_0021_0078.JPG 143.67913150 -38.74022048 102.303
100_0021_0079.JPG 143.67886251 -38.74039443 103.819
100_0021_0080.JPG 143.67865923 -38.74049550 104.346
100_0021_0081.JPG 143.67831547 -38.74045236 102.736
100_0021_0082.JPG 143.67796784 -38.74043064 103.281
100_0021_0083.JPG 143.67794113 -38.74040061 103.438
100_0021_0084.JPG 143.67776836 -38.74024089 102.720
100_0021_0085.JPG 143.67781575 -38.73995395 102.018
100_0021_0086.JPG 143.67784405 -38.73970241 102.472
100_0021_0087.JPG 143.67786407 -38.73967956 102.332
100_0021_0088.JPG 143.67812597 -38.73948620 102.208
100_0021_0089.JPG 143.67837379 -38.73930492 101.993
100_0021_0090.JPG 143.67860656 -38.73913559 102.110
100_0021_0091.JPG 143.67861508 -38.73913424 102.066
100_0021_0092.JPG 143.67861297 -38.73942214 101.766
100_0021_0093.JPG 143.67854365 -38.73969285 102.940
100_0021_0094.JPG 143.67850431 -38.73995694 103.457
100_0021_0095.JPG 143.67846771 -38.74022477 103.907
100_0021_0096.JPG 143.67843109 -38.74049404 103.974
100_0021_0097.JPG 143.67839947 -38.74066791 104.199
100_0021_0098.JPG 143.67869725 -38.74047018 103.114
100_0021_0099.JPG 143.67895365 -38.74029718 102.510
100_0021_0100.JPG 143.67916507 -38.74015020 102.136
100_0021_0101.JPG 143.67921493 -38.73986244 101.665
100_0021_0102.JPG 143.67924603 -38.73959126 102.262
100_0021_0103.JPG 143.67928353 -38.73932488 102.971
100_0021_0104.JPG 143.67931959 -38.73905638 103.553
100_0021_0105.JPG 143.67935161 -38.73878982 103.211
100_0021_0106.JPG 143.67939020 -38.73855464 103.505
100_0021_0107.JPG 143.67967190 -38.73835384 103.123
100_0021_0108.JPG 143.67991883 -38.73817343 103.314
100_0021_0109.JPG 143.68015000 -38.73800671 102.396
100_0021_0110.JPG 143.68015900 -38.73800485 102.196
100_0021_0111.JPG 143.68013766 -38.73829476 102.414
100_0021_0112.JPG 143.68009885 -38.73856169 102.758
100_0021_0113.JPG 143.68007035 -38.73882463 103.343
100_0021_0114.JPG 143.68005012 -38.73908804 103.671
100_0021_0115.JPG 143.68002469 -38.73935675 104.115
100_0021_0116.JPG 143.67996784 -38.73961497 104.356
100_0021_0117.JPG 143.67994483 -38.73963965 104.487
100_0021_0118.JPG 143.68022825 -38.73944470 103.121
100_0021_0119.JPG 143.68048697 -38.73927014 102.634
100_0021_0120.JPG 143.68069932 -38.73912099 102.471
100_0021_0121.JPG 143.68074129 -38.73882810 101.837
100_0021_0122.JPG 143.68077624 -38.73856208 102.413
100_0021_0123.JPG 143.68081359 -38.73829488 103.095
100_0021_0124.JPG 143.68085094 -38.73802900 103.233
100_0021_0125.JPG 143.68088856 -38.73776328 103.201
100_0021_0126.JPG 143.68092451 -38.73749983 103.396
100_0021_0127.JPG 143.68094071 -38.73742167 103.137
100_0021_0128.JPG 143.68121794 -38.73722037 102.658
100_0021_0129.JPG 143.68146494 -38.73703983 102.481
100_0021_0130.JPG 143.68169780 -38.73687071 102.373
100_0021_0131.JPG 143.68170668 -38.73686923 102.325
100_0021_0132.JPG 143.68169058 -38.73716082 102.013
100_0021_0133.JPG 143.68163613 -38.73742747 102.754
100_0021_0134.JPG 143.68159464 -38.73769470 103.707
100_0021_0135.JPG 143.68155124 -38.73796668 104.662
100_0021_0136.JPG 143.68151554 -38.73823317 105.031
100_0021_0137.JPG 143.68147934 -38.73849454 104.266
100_0021_0138.JPG 143.68146646 -38.73860498 103.720
100_0021_0139.JPG 143.68175829 -38.73841010 102.698
100_0021_0140.JPG 143.68201624 -38.73823650 102.646
100_0021_0141.JPG 143.68222917 -38.73808818 102.637
100_0021_0142.JPG 143.68226949 -38.73779720 101.916
100_0021_0143.JPG 143.68230669 -38.73753104 102.269
100_0021_0144.JPG 143.68234451 -38.73726357 102.488
100_0021_0145.JPG 143.68238220 -38.73699769 102.632
100_0021_0146.JPG 143.68242055 -38.73673082 102.630
100_0021_0147.JPG 143.68245776 -38.73646587 102.752
100_0021_0148.JPG 143.68248833 -38.73629011 102.941
100_0021_0149.JPG 143.68276658 -38.73608837 102.847
100_0021_0150.JPG 143.68301287 -38.73590704 102.653
100_0021_0151.JPG 143.68324486 -38.73573900 102.604
100_0021_0152.JPG 143.68325370 -38.73573701 102.501
100_0021_0153.JPG 143.68323189 -38.73602659 102.246
100_0021_0154.JPG 143.68317665 -38.73629945 103.073
100_0021_0155.JPG 143.68314353 -38.73655872 103.510
100_0021_0156.JPG 143.68310603 -38.73682867 103.577
100_0021_0157.JPG 143.68307030 -38.73709460 103.904
100_0021_0158.JPG 143.68305008 -38.73735756 103.847
100_0021_0159.JPG 143.68299765 -38.73757914 104.097
100_0021_0160.JPG 143.68328662 -38.73738465 102.262
100_0021_0161.JPG 143.68354685 -38.73721003 102.143
100_0021_0162.JPG 143.68376158 -38.73706181 101.885
100_0021_0163.JPG 143.68379871 -38.73676745 101.728
100_0021_0164.JPG 143.68383586 -38.73650144 102.450
100_0022_0001.JPG 143.68395644 -38.73638564 103.675
100_0022_0002.JPG 143.68431368 -38.73648253 103.495
100_0022_0003.JPG 143.68462181 -38.73657262 103.351
100_0022_0004.JPG 143.68468522 -38.73658617 103.391
100_0022_0005.JPG 143.68500906 -38.73643143 102.905
100_0022_0006.JPG 143.68529791 -38.73629524 102.845
100_0022_0007.JPG 143.68541030 -38.73623757 102.787
100_0022_0008.JPG 143.68508024 -38.73613197 101.730
100_0022_0009.JPG 143.68475916 -38.73602961 102.187
100_0022_0010.JPG 143.68443413 -38.73594726 102.572
100_0022_0011.JPG 143.68412771 -38.73583432 102.929
100_0022_0012.JPG 143.68380222 -38.73573546 103.997
100_0022_0013.JPG 143.68347519 -38.73565024 104.483
100_0022_0014.JPG 143.68337023 -38.73562418 104.572
100_0022_0015.JPG 143.68369968 -38.73546961 103.800
100_0022_0016.JPG 143.68398629 -38.73533493 103.811
100_0022_0017.JPG 143.68411558 -38.73527987 103.871
100_0022_0018.JPG 143.68447265 -38.73538589 103.736
100_0022_0019.JPG 143.68478980 -38.73547880 103.357
100_0022_0020.JPG 143.68510662 -38.73557205 103.223
100_0022_0021.JPG 143.68542971 -38.73566748 103.422
100_0022_0022.JPG 143.68575362 -38.73576402 103.709
100_0022_0023.JPG 143.68607264 -38.73585808 104.162
100_0022_0024.JPG 143.68617509 -38.73588345 104.017
100_0022_0025.JPG 143.68649852 -38.73572702 103.792
100_0022_0026.JPG 143.68678659 -38.73559110 103.857
100_0022_0027.JPG 143.68690128 -38.73553108 103.690
100_0022_0028.JPG 143.68657194 -38.73541290 102.962
100_0022_0029.JPG 143.68624291 -38.73532080 103.475
100_0022_0030.JPG 143.68592056 -38.73523272 103.316
100_0022_0031.JPG 143.68559085 -38.73513660 103.818
100_0022_0032.JPG 143.68527496 -38.73503735 104.085
100_0022_0033.JPG 143.68494576 -38.73494643 104.283
100_0022_0034.JPG 143.68484467 -38.73491935 104.386
100_0022_0035.JPG 143.68518275 -38.73476546 103.584
100_0022_0036.JPG 143.68547924 -38.73463180 103.621
100_0022_0037.JPG 143.68561461 -38.73457399 103.696
100_0022_0038.JPG 143.68597215 -38.73468072 103.187
100_0022_0039.JPG 143.68629269 -38.73477481 103.570
100_0022_0040.JPG 143.68661340 -38.73486979 103.577
100_0022_0041.JPG 143.68693503 -38.73496545 103.547
100_0022_0042.JPG 143.68725446 -38.73506044 103.676
100_0022_0043.JPG 143.68757793 -38.73515668 103.863
100_0022_0044.JPG 143.68776244 -38.73520640 103.821
100_0022_0045.JPG 143.68811338 -38.73509465 103.189
100_0022_0046.JPG 143.68842537 -38.73499607 103.051
100_0022_0047.JPG 143.68868477 -38.73491323 103.149
100_0022_0048.JPG 143.68834833 -38.73480381 101.960
100_0022_0049.JPG 143.68802627 -38.73470348 102.017
100_0022_0050.JPG 143.68769916 -38.73461355 102.786
100_0022_0051.JPG 143.68737337 -38.73451874 103.395
100_0022_0052.JPG 143.68705607 -38.73442596 103.356
100_0022_0053.JPG 143.68674253 -38.73432671 102.946
100_0022_0054.JPG 143.68641207 -38.73423887 103.884
100_0022_0055.JPG 143.68637837 -38.73423013 104.243
100_0022_0056.JPG 143.68674675 -38.73411176 102.943
100_0022_0057.JPG 143.68706006 -38.73400833 103.350
100_0022_0058.JPG 143.68731357 -38.73393115 103.239
100_0022_0059.JPG 143.68766873 -38.73403957 103.085
100_0022_0060.JPG 143.68798290 -38.73413326 103.508
100_0022_0061.JPG 143.68830403 -38.73422925 103.246
100_0022_0062.JPG 143.68862733 -38.73432329 102.979
100_0022_0063.JPG 143.68894948 -38.73441692 102.870
100_0022_0064.JPG 143.68927571 -38.73451002 102.592
100_0022_0065.JPG 143.68959342 -38.73460535 102.310
100_0022_0066.JPG 143.68969971 -38.73463364 102.297
100_0022_0067.JPG 143.69006112 -38.73454840 102.335
100_0022_0068.JPG 143.69038985 -38.73447412 102.557
100_0022_0069.JPG 143.69071197 -38.73440040 102.607
100_0022_0070.JPG 143.69077272 -38.73438356 102.433
100_0022_0071.JPG 143.69043724 -38.73427525 101.548
100_0022_0072.JPG 143.69011321 -38.73418159 102.349
100_0022_0073.JPG 143.68978681 -38.73408288 102.948
100_0022_0074.JPG 143.68945950 -38.73399175 103.401
100_0022_0075.JPG 143.68912698 -38.73389527 104.141
100_0022_0076.JPG 143.68881128 -38.73380181 105.024
100_0022_0077.JPG 143.68850465 -38.73370679 104.572
100_0022_0078.JPG 143.68824066 -38.73363243 104.806
100_0022_0079.JPG 143.68861335 -38.73352802 103.908
100_0022_0080.JPG 143.68893012 -38.73343769 103.167
100_0022_0081.JPG 143.68923761 -38.73335119 102.975
100_0022_0082.JPG 143.68927029 -38.73336229 103.126
100_0022_0083.JPG 143.68959197 -38.73345941 103.718
100_0022_0084.JPG 143.68991209 -38.73355310 103.544
100_0022_0085.JPG 143.69023339 -38.73365122 103.495
100_0022_0086.JPG 143.69055312 -38.73374191 103.682
100_0022_0087.JPG 143.69087508 -38.73383932 103.378
100_0022_0088.JPG 143.69118682 -38.73393204 103.504
100_0022_0089.JPG 143.69124629 -38.73394300 102.939
100_0022_0090.JPG 143.69122774 -38.73365043 102.313
100_0022_0091.JPG 143.69113641 -38.73338754 103.088
100_0022_0092.JPG 143.69111686 -38.73333364 103.090
100_0022_0093.JPG 143.69077904 -38.73322865 102.691
100_0022_0094.JPG 143.69069734 -38.73321617 103.060
100_0022_0095.JPG 143.69092005 -38.73345853 101.651
100_0022_0096.JPG 143.69111824 -38.73367668 101.945
100_0022_0097.JPG 143.69120175 -38.73377526 101.996
100_0022_0098.JPG 143.69107773 -38.73404794 101.975
100_0022_0099.JPG 143.69094780 -38.73429906 102.759
100_0022_0100.JPG 143.69091116 -38.73435872 103.286
100_0022_0101.JPG 143.69057758 -38.73444775 102.296
100_0022_0102.JPG 143.69024364 -38.73452111 103.251
100_0022_0103.JPG 143.69009067 -38.73453728 104.220
100_0022_0104.JPG 143.69022489 -38.73425995 103.022
100_0022_0105.JPG 143.69034939 -38.73401252 102.566
100_0022_0106.JPG 143.69047284 -38.73376400 102.008
100_0022_0107.JPG 143.69059582 -38.73350660 102.340
100_0022_0108.JPG 143.69071206 -38.73326240 103.583
100_0022_0109.JPG 143.69073334 -38.73321174 103.457
100_0022_0110.JPG 143.69037600 -38.73323569 103.268
100_0022_0111.JPG 143.69002904 -38.73324986 103.511
100_0022_0112.JPG 143.68997431 -38.73325793 103.738
100_0022_0113.JPG 143.68984959 -38.73353123 102.422
100_0022_0114.JPG 143.68972669 -38.73378311 101.981
100_0022_0115.JPG 143.68961587 -38.73403013 102.124
100_0022_0116.JPG 143.68948412 -38.73428954 102.860
100_0022_0117.JPG 143.68938363 -38.73453221 103.038
100_0022_0118.JPG 143.68926220 -38.73474504 102.997
100_0022_0119.JPG 143.68893572 -38.73485706 102.442
100_0022_0120.JPG 143.68861083 -38.73495872 102.739
100_0022_0121.JPG 143.68839607 -38.73500819 103.025
100_0022_0122.JPG 143.68853711 -38.73473083 102.131
100_0022_0123.JPG 143.68865439 -38.73447865 102.368
100_0022_0124.JPG 143.68877698 -38.73422762 102.619
100_0022_0125.JPG 143.68889852 -38.73397969 102.634
100_0022_0126.JPG 143.68901806 -38.73372466 102.826
100_0022_0127.JPG 143.68914272 -38.73347688 103.229
100_0022_0128.JPG 143.68919122 -38.73336673 102.070
100_0022_0129.JPG 143.68885790 -38.73346580 100.874
100_0022_0130.JPG 143.68852603 -38.73356573 102.208
100_0022_0131.JPG 143.68833124 -38.73361162 103.491
100_0022_0132.JPG 143.68821087 -38.73388074 102.272
100_0022_0133.JPG 143.68808390 -38.73413575 101.959
100_0022_0134.JPG 143.68796573 -38.73438376 102.012
100_0022_0135.JPG 143.68784634 -38.73463460 102.136
100_0022_0136.JPG 143.68773431 -38.73488344 102.232
100_0022_0137.JPG 143.68762556 -38.73513513 102.489
100_0022_0138.JPG 143.68752555 -38.73528614 102.788
100_0022_0139.JPG 143.68727039 -38.73537701 102.145
100_0022_0140.JPG 143.68698892 -38.73553614 103.098
100_0022_0141.JPG 143.68668288 -38.73566335 103.514
100_0022_0142.JPG 143.68659889 -38.73568029 103.739
100_0022_0143.JPG 143.68673594 -38.73540057 102.300
100_0022_0144.JPG 143.68685688 -38.73515171 102.255
100_0022_0145.JPG 143.68698015 -38.73489955 102.256
100_0022_0146.JPG 143.68710220 -38.73464844 102.648
100_0022_0147.JPG 143.68722426 -38.73439789 102.585
100_0022_0148.JPG 143.68734551 -38.73414779 102.400
100_0022_0149.JPG 143.68746112 -38.73390802 102.858
100_0022_0150.JPG 143.68746882 -38.73388165 102.485
100_0022_0151.JPG 143.68714993 -38.73400679 101.485
100_0022_0152.JPG 143.68682507 -38.73410749 102.346
100_0022_0153.JPG 143.68659498 -38.73417067 103.261
100_0022_0154.JPG 143.68649171 -38.73443710 101.398
100_0022_0155.JPG 143.68635521 -38.73468655 101.981
100_0022_0156.JPG 143.68623358 -38.73493913 102.795
100_0022_0157.JPG 143.68609989 -38.73519379 103.619
100_0022_0158.JPG 143.68597391 -38.73544820 103.964
100_0022_0159.JPG 143.68585583 -38.73569630 104.257
100_0022_0160.JPG 143.68573462 -38.73594708 104.410
100_0022_0161.JPG 143.68563241 -38.73614637 103.775
100_0022_0162.JPG 143.68535732 -38.73630513 101.693
100_0022_0163.JPG 143.68505637 -38.73644406 102.294
100_0022_0164.JPG 143.68475659 -38.73658130 102.640
100_0022_0165.JPG 143.68468966 -38.73659120 102.840
100_0022_0166.JPG 143.68482868 -38.73631869 101.560
100_0022_0167.JPG 143.68494443 -38.73606160 102.093
100_0022_0168.JPG 143.68506458 -38.73580919 102.708
100_0022_0169.JPG 143.68518278 -38.73556376 102.650
100_0022_0170.JPG 143.68530435 -38.73531115 102.227
100_0022_0171.JPG 143.68542720 -38.73505439 102.382
100_0022_0172.JPG 143.68554891 -38.73480731 102.629
100_0022_0173.JPG 143.68566407 -38.73457432 102.381
100_0022_0174.JPG 143.68566920 -38.73455569 102.191
100_0022_0175.JPG 143.68535736 -38.73470476 101.429
100_0022_0176.JPG 143.68504721 -38.73483891 101.936
100_0022_0177.JPG 143.68475810 -38.73496678 102.742
100_0022_0178.JPG 143.68472173 -38.73498923 102.901
100_0022_0179.JPG 143.68463031 -38.73526071 101.624
100_0022_0180.JPG 143.68447997 -38.73551247 102.069
100_0022_0181.JPG 143.68436746 -38.73575759 102.158
100_0022_0182.JPG 143.68426156 -38.73600906 102.290
100_0022_0183.JPG 143.68413168 -38.73626180 102.628
100_0022_0184.JPG 143.68401267 -38.73645373 103.432
100_0022_0185.JPG 143.68381961 -38.73620652 102.001
100_0022_0186.JPG 143.68359639 -38.73599410 102.741
100_0022_0187.JPG 143.68353174 -38.73592289 103.184
100_0022_0188.JPG 143.68366958 -38.73564552 101.831
