EPSG:7843
100_0001_0001.JPG 143.67056115 -38.75467434 99.188
100_0001_0002.JPG 143.67091066 -38.75478252 98.565
100_0001_0003.JPG 143.67125426 -38.75485487 99.004
100_0001_0004.JPG 143.67148826 -38.75491323 99.980
100_0001_0005.JPG 143.67163241 -38.75518483 99.021
100_0001_0006.JPG 143.67173530 -38.75538508 99.852
100_0001_0007.JPG 143.67136652 -38.75530049 99.537
100_0001_0008.JPG 143.67103972 -38.75522513 99.734
100_0001_0009.JPG 143.67070905 -38.75514836 99.902
100_0001_0010.JPG 143.67037711 -38.75507180 100.167
100_0001_0011.JPG 143.67006008 -38.75499816 100.305
100_0001_0012.JPG 143.67001741 -38.75499389 100.186
100_0001_0013.JPG 143.67010162 -38.75528516 99.166
100_0001_0014.JPG 143.67015629 -38.75544285 99.609
100_0001_0015.JPG 143.67050493 -38.75553289 98.552
100_0001_0016.JPG 143.67084588 -38.75560288 98.895
100_0001_0017.JPG 143.67117389 -38.75567704 99.640
100_0001_0018.JPG 143.67150374 -38.75575269 99.957
100_0001_0019.JPG 143.67183409 -38.75582808 100.166
100_0001_0020.JPG 143.67200908 -38.75587036 100.209
100_0001_0021.JPG 143.67214565 -38.75612252 99.318
100_0001_0022.JPG 143.67241773 -38.75630941 98.872
100_0001_0023.JPG 143.67256601 -38.75641422 99.414
100_0001_0024.JPG 143.67219881 -38.75632980 99.400
100_0001_0025.JPG 143.67187245 -38.75625420 99.776
100_0001_0026.JPG 143.67154300 -38.75617855 100.082
100_0001_0027.JPG 143.67121147 -38.75610160 100.242
100_0001_0028.JPG 143.67088121 -38.75602482 100.279
100_0001_0029.JPG 143.67055186 -38.75594776 100.235
100_0001_0030.JPG 143.67029486 -38.75589326 99.955
100_0001_0031.JPG 143.67039675 -38.75617809 98.840
100_0001_0032.JPG 143.67046721 -38.75635011 99.245
100_0001_0033.JPG 143.67081489 -38.75643980 98.136
100_0001_0034.JPG 143.67115405 -38.75651017 98.499
100_0001_0035.JPG 143.67148611 -38.75658530 99.290
100_0001_0036.JPG 143.67181173 -38.75666093 99.610
100_0001_0037.JPG 143.67214219 -38.75673673 99.751
100_0001_0038.JPG 143.67247385 -38.75681300 99.918
100_0001_0039.JPG 143.67280113 -38.75688711 100.351
100_0001_0040.JPG 143.67313022 -38.75696180 100.737
100_0001_0041.JPG 143.67345898 -38.75703694 100.502
100_0001_0042.JPG 143.67379375 -38.75711376 100.593
100_0001_0043.JPG 143.67411810 -38.75718865 100.130
100_0001_0044.JPG 143.67444731 -38.75726334 100.161
100_0001_0045.JPG 143.67450985 -38.75728364 100.315
100_0001_0046.JPG 143.67450226 -38.75757683 99.671
100_0001_0047.JPG 143.67449130 -38.75769079 99.701
100_0001_0048.JPG 143.67413077 -38.75761085 99.412
100_0001_0049.JPG 143.67380521 -38.75753250 99.824
100_0001_0050.JPG 143.67347567 -38.75745802 100.095
100_0001_0051.JPG 143.67314559 -38.75738145 100.101
100_0001_0052.JPG 143.67281534 -38.75730542 100.003
100_0001_0053.JPG 143.67248498 -38.75723001 100.255
100_0001_0054.JPG 143.67215512 -38.75715451 100.014
100_0001_0055.JPG 143.67182426 -38.75707699 100.201
100_0001_0056.JPG 143.67149458 -38.75700073 100.031
100_0001_0057.JPG 143.67116856 -38.75692542 100.104
100_0001_0058.JPG 143.67084147 -38.75684877 100.207
100_0001_0059.JPG 143.67076154 -38.75683505 99.961
100_0001_0060.JPG 143.67091702 -38.75710952 98.759
100_0001_0061.JPG 143.67104788 -38.75732022 98.819
100_0001_0062.JPG 143.67140000 -38.75740409 98.112
100_0001_0063.JPG 143.67173515 -38.75747901 98.416
100_0001_0064.JPG 143.67206709 -38.75755589 98.773
100_0001_0065.JPG 143.67238965 -38.75763091 99.138
100_0001_0066.JPG 143.67271993 -38.75770730 99.400
100_0001_0067.JPG 143.67305056 -38.75778370 99.571
100_0001_0068.JPG 143.67338304 -38.75786010 99.807
100_0001_0069.JPG 143.67370990 -38.75793500 99.854
100_0001_0070.JPG 143.67403844 -38.75801103 99.899
100_0001_0071.JPG 143.67437043 -38.75808739 99.638
100_0001_0072.JPG 143.67448806 -38.75811832 99.502
100_0001_0073.JPG 143.67436801 -38.75839698 98.965
100_0001_0074.JPG 143.67431774 -38.75849179 99.476
100_0001_0075.JPG 143.67395513 -38.75840909 99.280
100_0001_0076.JPG 143.67362693 -38.75833319 99.416
100_0001_0077.JPG 143.67329786 -38.75825768 99.628
100_0001_0078.JPG 143.67296624 -38.75818046 100.040
100_0001_0079.JPG 143.67263778 -38.75810492 100.186
100_0001_0080.JPG 143.67237320 -38.75804504 99.890
100_0001_0081.JPG 143.67272227 -38.75813915 98.397
100_0001_0082.JPG 143.67306000 -38.75821671 98.553
100_0001_0083.JPG 143.67338503 -38.75829709 99.079
100_0001_0084.JPG 143.67371570 -38.75837913 99.481
100_0001_0085.JPG 143.67404387 -38.75846054 99.886
100_0001_0086.JPG 143.67416684 -38.75848689 100.317
100_0001_0087.JPG 143.67426719 -38.75820850 99.090
100_0001_0088.JPG 143.67437201 -38.75794683 99.769
100_0001_0089.JPG 143.67447053 -38.75768770 100.412
100_0001_0090.JPG 143.67450456 -38.75758326 100.591
100_0001_0091.JPG 143.67433538 -38.75732797 98.899
100_0001_0092.JPG 143.67419107 -38.75708886 99.323
100_0001_0093.JPG 143.67416790 -38.75706431 99.407
100_0001_0094.JPG 143.67405658 -38.75734963 99.262
100_0001_0095.JPG 143.67395981 -38.75760375 99.456
100_0001_0096.JPG 143.67386204 -38.75785898 99.311
100_0001_0097.JPG 143.67376517 -38.75811807 99.475
100_0001_0098.JPG 143.67366781 -38.75837520 99.499
100_0001_0099.JPG 143.67362146 -38.75848283 99.411
100_0001_0100.JPG 143.67325574 -38.75840620 99.434
100_0001_0101.JPG 143.67313481 -38.75837444 99.492
100_0001_0102.JPG 143.67323067 -38.75809240 98.897
100_0001_0103.JPG 143.67333704 -38.75783366 99.402
100_0001_0104.JPG 143.67343434 -38.75757601 99.910
100_0001_0105.JPG 143.67353139 -38.75731798 100.288
100_0001_0106.JPG 143.67362734 -38.75706172 100.362
100_0001_0107.JPG 143.67365013 -38.75698599 100.200
100_0001_0108.JPG 143.67331724 -38.75693485 99.523
100_0001_0109.JPG 143.67317547 -38.75683510 99.495
100_0001_0110.JPG 143.67306430 -38.75712590 98.928
100_0001_0111.JPG 143.67296930 -38.75737847 98.907
100_0001_0112.JPG 143.67287197 -38.75763526 99.060
100_0001_0113.JPG 143.67277611 -38.75789284 99.116
100_0001_0114.JPG 143.67268151 -38.75814142 99.367
100_0001_0115.JPG 143.67266267 -38.75817142 99.412
100_0001_0116.JPG 143.67233277 -38.75803013 99.055
100_0001_0117.JPG 143.67220947 -38.75796892 99.213
100_0001_0118.JPG 143.67230585 -38.75768817 98.554
100_0001_0119.JPG 143.67240976 -38.75742762 99.063
100_0001_0120.JPG 143.67251007 -38.75717099 99.744
100_0001_0121.JPG 143.67260660 -38.75691477 100.265
100_0001_0122.JPG 143.67270309 -38.75665756 100.523
100_0001_0123.JPG 143.67274768 -38.75652816 100.485
100_0001_0124.JPG 143.67246843 -38.75633277 99.039
100_0001_0125.JPG 143.67232623 -38.75624064 99.308
100_0001_0126.JPG 143.67221538 -38.75652502 98.852
100_0001_0127.JPG 143.67211895 -38.75677928 98.669
100_0001_0128.JPG 143.67202088 -38.75703872 98.772
100_0001_0129.JPG 143.67192419 -38.75729459 98.856
100_0001_0130.JPG 143.67182709 -38.75755303 98.994
100_0001_0131.JPG 143.67174839 -38.75774331 98.933
100_0001_0132.JPG 143.67144611 -38.75756582 98.960
100_0001_0133.JPG 143.67131785 -38.75748156 99.168
100_0001_0134.JPG 143.67141319 -38.75720124 98.206
100_0001_0135.JPG 143.67151876 -38.75694292 98.704
100_0001_0136.JPG 143.67161704 -38.75668363 99.525
100_0001_0137.JPG 143.67171318 -38.75642867 100.025
100_0001_0138.JPG 143.67181160 -38.75617108 100.346
100_0001_0139.JPG 143.67190557 -38.75591513 100.143
100_0001_0140.JPG 143.67196017 -38.75576998 100.540
100_0001_0141.JPG 143.67180606 -38.75550890 99.114
100_0001_0142.JPG 143.67167713 -38.75526060 98.915
100_0001_0143.JPG 143.67163904 -38.75520296 99.074
100_0001_0144.JPG 143.67152875 -38.75548981 98.476
100_0001_0145.JPG 143.67143169 -38.75574253 98.410
100_0001_0146.JPG 143.67133511 -38.75599960 98.720
100_0001_0147.JPG 143.67123680 -38.75625953 98.784
100_0001_0148.JPG 143.67114048 -38.75651754 99.009
100_0001_0149.JPG 143.67104396 -38.75677457 99.162
100_0001_0150.JPG 143.67094776 -38.75703132 99.078
100_0001_0151.JPG 143.67091450 -38.75710913 99.021
100_0001_0152.JPG 143.67074631 -38.75684520 98.628
100_0001_0153.JPG 143.67060859 -38.75660004 99.287
100_0001_0154.JPG 143.67058456 -38.75655209 99.264
100_0001_0155.JPG 143.67068243 -38.75627966 97.884
100_0001_0156.JPG 143.67078967 -38.75601732 98.662
100_0001_0157.JPG 143.67088580 -38.75575955 99.378
100_0001_0158.JPG 143.67098340 -38.75550207 99.822
100_0001_0159.JPG 143.67107966 -38.75524501 100.216
100_0001_0160.JPG 143.67117780 -38.75498939 100.500
100_0001_0161.JPG 143.67127598 -38.75473240 100.680
100_0001_0162.JPG 143.67130442 -38.75464476 100.606
100_0001_0163.JPG 143.67092749 -38.75466785 99.251
100_0001_0164.JPG 143.67075860 -38.75468319 98.891
100_0001_0165.JPG 143.67064803 -38.75496777 98.390
100_0001_0166.JPG 143.67055242 -38.75522049 98.565
100_0001_0167.JPG 143.67045577 -38.75547801 98.725
100_0001_0168.JPG 143.67035874 -38.75573615 98.935
100_0001_0169.JPG 143.67029320 -38.75590240 98.929
100_0001_0170.JPG 143.67019764 -38.75561987 98.580
100_0001_0171.JPG 143.67012366 -38.75535287 99.055
100_0001_0172.JPG 143.67005442 -38.75511149 99.447
100_0001_0173.JPG 143.67015190 -38.75484210 98.307
100_0002_0001.JPG 143.67165423 -38.75038912 99.032
100_0002_0002.JPG 143.67160494 -38.75034276 98.915
100_0002_0003.JPG 143.67124058 -38.75028849 98.921
100_0002_0004.JPG 143.67091118 -38.75023459 99.709
100_0002_0005.JPG 143.67085636 -38.75023060 99.682
100_0002_0006.JPG 143.67108229 -38.75046874 98.731
100_0002_0007.JPG 143.67129208 -38.75068239 99.115
100_0002_0008.JPG 143.67149242 -38.75088784 99.684
100_0002_0009.JPG 143.67150510 -38.75090961 99.704
100_0002_0010.JPG 143.67141683 -38.75119699 99.226
100_0002_0011.JPG 143.67134680 -38.75140701 99.331
100_0002_0012.JPG 143.67111455 -38.75117066 99.157
100_0002_0013.JPG 143.67090721 -38.75095613 99.771
100_0002_0014.JPG 143.67070039 -38.75074417 99.859
100_0002_0015.JPG 143.67049173 -38.75053081 99.523
100_0002_0016.JPG 143.67028554 -38.75031592 99.618
100_0002_0017.JPG 143.67018010 -38.75021558 99.764
100_0002_0018.JPG 143.67007898 -38.75050699 99.092
100_0002_0019.JPG 143.67001413 -38.75070877 99.153
100_0002_0020.JPG 143.67023965 -38.75094077 98.633
100_0002_0021.JPG 143.67045158 -38.75115455 99.146
100_0002_0022.JPG 143.67065908 -38.75136642 99.531
100_0002_0023.JPG 143.67086717 -38.75157931 99.673
100_0002_0024.JPG 143.67107492 -38.75179243 99.686
100_0002_0025.JPG 143.67120201 -38.75192695 99.909
100_0002_0026.JPG 143.67111374 -38.75221112 99.266
100_0002_0027.JPG 143.67109661 -38.75227834 99.217
100_0002_0028.JPG 143.67111742 -38.75250366 99.092
100_0002_0029.JPG 143.67088548 -38.75226715 99.041
100_0002_0030.JPG 143.67067931 -38.75205538 99.133
100_0002_0031.JPG 143.67047317 -38.75184180 99.448
100_0002_0032.JPG 143.67026588 -38.75162883 99.581
100_0002_0033.JPG 143.67005859 -38.75141423 99.443
100_0002_0034.JPG 143.66986213 -38.75120970 99.591
100_0002_0035.JPG 143.66984887 -38.75120570 99.423
100_0002_0036.JPG 143.66979816 -38.75150077 98.705
100_0002_0037.JPG 143.66975874 -38.75175473 99.108
100_0002_0038.JPG 143.66977369 -38.75178924 99.044
100_0002_0039.JPG 143.66998540 -38.75200828 98.561
100_0002_0040.JPG 143.67019305 -38.75222066 99.023
100_0002_0041.JPG 143.67039959 -38.75243508 99.215
100_0002_0042.JPG 143.67060395 -38.75264787 99.116
100_0002_0043.JPG 143.67081399 -38.75286165 99.554
100_0002_0044.JPG 143.67102020 -38.75307565 99.479
100_0002_0045.JPG 143.67119262 -38.75325523 99.747
100_0002_0046.JPG 143.67121453 -38.75354494 99.166
100_0002_0047.JPG 143.67122755 -38.75366401 99.232
100_0002_0048.JPG 143.67126407 -38.75392963 99.011
100_0002_0049.JPG 143.67126731 -38.75399588 99.117
100_0002_0050.JPG 143.67103980 -38.75376194 98.835
100_0002_0051.JPG 143.67083418 -38.75354870 98.851
100_0002_0052.JPG 143.67062731 -38.75333417 98.786
100_0002_0053.JPG 143.67042183 -38.75312352 99.073
100_0002_0054.JPG 143.67021275 -38.75290719 99.449
100_0002_0055.JPG 143.67000431 -38.75269388 99.759
100_0002_0056.JPG 143.66979716 -38.75248258 99.720
100_0002_0057.JPG 143.66966672 -38.75234669 99.809
100_0002_0058.JPG 143.66966524 -38.75264444 99.103
100_0002_0059.JPG 143.66966657 -38.75291316 98.954
100_0002_0060.JPG 143.66967409 -38.75302225 98.931
100_0002_0061.JPG 143.66989613 -38.75325222 98.734
100_0002_0062.JPG 143.67010785 -38.75346586 99.110
100_0002_0063.JPG 143.67031291 -38.75367861 99.193
100_0002_0064.JPG 143.67052273 -38.75389243 99.394
100_0002_0065.JPG 143.67073072 -38.75410676 99.567
100_0002_0066.JPG 143.67093490 -38.75431887 99.455
100_0002_0067.JPG 143.67114089 -38.75453122 99.169
100_0002_0068.JPG 143.67133653 -38.75472732 99.357
100_0002_0069.JPG 143.67132211 -38.75473460 99.263
100_0002_0070.JPG 143.67096077 -38.75479829 98.927
100_0002_0071.JPG 143.67077919 -38.75482411 98.696
100_0002_0072.JPG 143.67055207 -38.75458809 98.399
100_0002_0073.JPG 143.67034653 -38.75437582 98.786
100_0002_0074.JPG 143.67013966 -38.75416292 98.908
100_0002_0075.JPG 143.66992944 -38.75394773 99.112
100_0002_0076.JPG 143.66974585 -38.75376079 99.179
100_0002_0077.JPG 143.66979374 -38.75405471 98.757
100_0002_0078.JPG 143.66983961 -38.75431862 98.621
100_0002_0079.JPG 143.66988672 -38.75457036 98.662
100_0002_0080.JPG 143.66993615 -38.75461988 98.572
100_0002_0081.JPG 143.67011334 -38.75480434 98.207
100_0002_0082.JPG 143.67022422 -38.75492448 98.615
100_0002_0083.JPG 143.67019474 -38.75492728 98.465
100_0002_0084.JPG 143.67049527 -38.75474910 98.053
100_0002_0085.JPG 143.67077248 -38.75458862 98.531
100_0002_0086.JPG 143.67104396 -38.75442621 98.923
100_0002_0087.JPG 143.67132018 -38.75426752 99.689
100_0002_0088.JPG 143.67132233 -38.75424627 99.677
100_0002_0089.JPG 143.67127579 -38.75397428 98.028
100_0002_0090.JPG 143.67125016 -38.75380374 98.595
100_0002_0091.JPG 143.67094506 -38.75398302 98.651
100_0002_0092.JPG 143.67067073 -38.75414398 98.720
100_0002_0093.JPG 143.67039484 -38.75430645 98.823
100_0002_0094.JPG 143.67011864 -38.75446777 98.792
100_0002_0095.JPG 143.66988925 -38.75459758 98.796
100_0002_0096.JPG 143.66983183 -38.75430670 98.457
100_0002_0097.JPG 143.66981392 -38.75414205 99.143
100_0002_0098.JPG 143.67009888 -38.75397233 98.026
100_0002_0099.JPG 143.67037759 -38.75380718 98.849
100_0002_0100.JPG 143.67065260 -38.75364606 99.211
100_0002_0101.JPG 143.67094405 -38.75347627 100.110
100_0002_0102.JPG 143.67120557 -38.75332523 100.697
100_0002_0103.JPG 143.67120532 -38.75330555 100.487
100_0002_0104.JPG 143.67117240 -38.75303105 98.808
100_0002_0105.JPG 143.67115314 -38.75285200 99.053
100_0002_0106.JPG 143.67084850 -38.75303114 99.059
100_0002_0107.JPG 143.67057528 -38.75318971 98.940
100_0002_0108.JPG 143.67029969 -38.75335037 98.944
100_0002_0109.JPG 143.67002411 -38.75351465 98.895
100_0002_0110.JPG 143.66976170 -38.75367026 98.786
100_0002_0111.JPG 143.66973399 -38.75368138 98.740
100_0002_0112.JPG 143.66969668 -38.75339369 98.339
100_0002_0113.JPG 143.66969665 -38.75320472 99.190
100_0002_0114.JPG 143.66998411 -38.75303356 97.776
100_0002_0115.JPG 143.67026473 -38.75286660 98.316
100_0002_0116.JPG 143.67053058 -38.75270992 98.715
100_0002_0117.JPG 143.67080973 -38.75254599 99.211
100_0002_0118.JPG 143.67108967 -38.75238248 99.679
100_0002_0119.JPG 143.67112475 -38.75235719 99.917
100_0002_0120.JPG 143.67110757 -38.75224118 99.039
100_0002_0121.JPG 143.67117738 -38.75197936 97.796
100_0002_0122.JPG 143.67123737 -38.75179203 98.321
100_0002_0123.JPG 143.67093270 -38.75197069 98.460
100_0002_0124.JPG 143.67066030 -38.75213153 98.575
100_0002_0125.JPG 143.67038686 -38.75229236 98.495
100_0002_0126.JPG 143.67011037 -38.75245553 98.648
100_0002_0127.JPG 143.66983425 -38.75261772 98.733
100_0002_0128.JPG 143.66965007 -38.75272140 98.478
100_0002_0129.JPG 143.66964209 -38.75243408 97.962
100_0002_0130.JPG 143.66969215 -38.75218911 99.520
100_0002_0131.JPG 143.66997854 -38.75201704 98.806
100_0002_0132.JPG 143.67026618 -38.75185435 99.182
100_0002_0133.JPG 143.67054040 -38.75169285 99.475
100_0002_0134.JPG 143.67080777 -38.75153470 99.070
100_0002_0135.JPG 143.67108332 -38.75137076 98.715
100_0002_0136.JPG 143.67135964 -38.75120996 99.044
100_0002_0137.JPG 143.67143165 -38.75116339 99.357
100_0002_0138.JPG 143.67149578 -38.75088991 97.828
100_0002_0139.JPG 143.67158367 -38.75062623 98.582
100_0002_0140.JPG 143.67159736 -38.75056851 98.912
100_0002_0141.JPG 143.67129428 -38.75074749 98.430
100_0002_0142.JPG 143.67102314 -38.75090700 98.404
100_0002_0143.JPG 143.67074775 -38.75106901 98.446
100_0002_0144.JPG 143.67047460 -38.75123083 98.392
100_0002_0145.JPG 143.67020187 -38.75139364 98.454
100_0002_0146.JPG 143.66992788 -38.75155461 98.500
100_0002_0147.JPG 143.66978406 -38.75163607 98.430
100_0002_0148.JPG 143.66983157 -38.75134767 97.544
100_0002_0149.JPG 143.66989121 -38.75108890 98.377
100_0002_0150.JPG 143.66990065 -38.75106692 98.626
100_0002_0151.JPG 143.67019235 -38.75089646 97.971
100_0002_0152.JPG 143.67047083 -38.75073218 98.465
100_0002_0153.JPG 143.67074065 -38.75057209 98.198
100_0002_0154.JPG 143.67101653 -38.75040810 98.224
100_0002_0155.JPG 143.67121577 -38.75028725 98.492
100_0002_0156.JPG 143.67084417 -38.75022734 97.957
100_0002_0157.JPG 143.67054518 -38.75018502 98.150
100_0002_0158.JPG 143.67024528 -38.75036135 98.456
100_0003_0001.JPG 143.67304932 -38.74505968 99.545
100_0003_0002.JPG 143.67270785 -38.74518663 99.374
100_0003_0003.JPG 143.67259517 -38.74523175 99.302
100_0003_0004.JPG 143.67241788 -38.74548873 99.031
100_0003_0005.JPG 143.67229648 -38.74565755 99.000
100_0003_0006.JPG 143.67217759 -38.74582704 98.630
100_0003_0007.JPG 143.67250771 -38.74569905 97.783
100_0003_0008.JPG 143.67283201 -38.74558438 98.637
100_0003_0009.JPG 143.67314545 -38.74546826 99.711
100_0003_0010.JPG 143.67345572 -38.74535342 99.767
100_0003_0011.JPG 143.67354068 -38.74533156 99.574
100_0003_0012.JPG 143.67363145 -38.74561844 98.143
100_0003_0013.JPG 143.67365896 -38.74572346 98.324
100_0003_0014.JPG 143.67332115 -38.74585092 98.420
100_0003_0015.JPG 143.67301470 -38.74596508 98.293
100_0003_0016.JPG 143.67270196 -38.74608187 98.098
100_0003_0017.JPG 143.67239117 -38.74619749 98.246
100_0003_0018.JPG 143.67208253 -38.74631316 98.313
100_0003_0019.JPG 143.67177609 -38.74642759 98.108
100_0003_0020.JPG 143.67172867 -38.74644883 98.138
100_0003_0021.JPG 143.67155100 -38.74670210 98.091
100_0003_0022.JPG 143.67138374 -38.74693600 98.273
100_0003_0023.JPG 143.67131161 -38.74704767 98.051
100_0003_0024.JPG 143.67164305 -38.74692626 97.413
100_0003_0025.JPG 143.67196045 -38.74681107 97.880
100_0003_0026.JPG 143.67228166 -38.74669280 98.463
100_0003_0027.JPG 143.67258714 -38.74657895 98.654
100_0003_0028.JPG 143.67289831 -38.74646335 98.814
100_0003_0029.JPG 143.67320051 -38.74635032 99.006
100_0003_0030.JPG 143.67322559 -38.74634537 98.993
100_0003_0031.JPG 143.67303506 -38.74660574 98.298
100_0003_0032.JPG 143.67286546 -38.74683548 98.302
100_0003_0033.JPG 143.67281293 -38.74690791 98.277
100_0003_0034.JPG 143.67276355 -38.74696679 98.183
100_0003_0035.JPG 143.67243736 -38.74708084 98.112
100_0003_0036.JPG 143.67212826 -38.74719595 98.117
100_0003_0037.JPG 143.67181765 -38.74731185 98.146
100_0003_0038.JPG 143.67150639 -38.74742772 98.202
100_0003_0039.JPG 143.67119617 -38.74754342 98.207
100_0003_0040.JPG 143.67100013 -38.74762039 98.105
100_0003_0041.JPG 143.67089093 -38.74790047 97.795
100_0003_0042.JPG 143.67079532 -38.74813260 98.428
100_0003_0043.JPG 143.67080558 -38.74813167 98.434
100_0003_0044.JPG 143.67112831 -38.74801269 97.688
100_0003_0045.JPG 143.67144458 -38.74789345 98.230
100_0003_0046.JPG 143.67175573 -38.74777614 98.694
100_0003_0047.JPG 143.67206730 -38.74766094 98.735
100_0003_0048.JPG 143.67237183 -38.74754950 98.649
100_0003_0049.JPG 143.67237042 -38.74755821 98.522
100_0003_0050.JPG 143.67218848 -38.74781670 97.568
100_0003_0051.JPG 143.67213491 -38.74789814 97.604
100_0003_0052.JPG 143.67206902 -38.74811140 97.544
100_0003_0053.JPG 143.67172958 -38.74823503 97.547
100_0003_0054.JPG 143.67141906 -38.74835071 97.616
100_0003_0055.JPG 143.67110910 -38.74846529 97.709
100_0003_0056.JPG 143.67079776 -38.74858094 97.669
100_0003_0057.JPG 143.67065656 -38.74863835 97.805
100_0003_0058.JPG 143.67058272 -38.74892462 97.593
100_0003_0059.JPG 143.67053323 -38.74912284 97.973
100_0003_0060.JPG 143.67086690 -38.74899991 97.729
100_0003_0061.JPG 143.67117972 -38.74888497 98.034
100_0003_0062.JPG 143.67149217 -38.74877012 98.347
100_0003_0063.JPG 143.67180487 -38.74865090 98.560
100_0003_0064.JPG 143.67193875 -38.74860764 98.885
100_0003_0065.JPG 143.67185069 -38.74890092 97.746
100_0003_0066.JPG 143.67178150 -38.74910985 98.140
100_0003_0067.JPG 143.67144389 -38.74923581 97.976
100_0003_0068.JPG 143.67113593 -38.74935013 97.818
100_0003_0069.JPG 143.67082438 -38.74946660 97.760
100_0003_0070.JPG 143.67051252 -38.74958361 97.745
100_0003_0071.JPG 143.67039350 -38.74963197 97.750
100_0003_0072.JPG 143.67031814 -38.74992035 97.555
100_0003_0073.JPG 143.67026948 -38.75011677 97.835
100_0003_0074.JPG 143.67060096 -38.74999653 97.313
100_0003_0075.JPG 143.67091857 -38.74987758 97.969
100_0003_0076.JPG 143.67122849 -38.74976407 98.175
100_0003_0077.JPG 143.67153689 -38.74964831 98.331
100_0003_0078.JPG 143.67164896 -38.74960970 98.654
100_0003_0079.JPG 143.67156060 -38.74990256 97.945
100_0003_0080.JPG 143.67149099 -38.75011054 98.159
100_0003_0081.JPG 143.67114884 -38.75023739 98.160
100_0003_0082.JPG 143.67097863 -38.75029640 98.070
100_0003_0083.JPG 143.67061848 -38.75024450 97.825
100_0003_0084.JPG 143.67055203 -38.75023200 97.539
100_0003_0085.JPG 143.67038882 -38.74997361 97.378
100_0003_0086.JPG 143.67033282 -38.74985667 97.821
100_0003_0087.JPG 143.67039000 -38.74958456 97.460
100_0003_0088.JPG 143.67047685 -38.74931416 98.249
100_0003_0089.JPG 143.67051238 -38.74922383 98.942
100_0003_0090.JPG 143.67067234 -38.74949169 98.262
100_0003_0091.JPG 143.67081946 -38.74973168 98.321
100_0003_0092.JPG 143.67096846 -38.74997463 98.424
100_0003_0093.JPG 143.67111563 -38.75021429 98.555
100_0003_0094.JPG 143.67118691 -38.75031860 98.715
100_0003_0095.JPG 143.67140066 -38.75008827 97.914
100_0003_0096.JPG 143.67153914 -38.74995755 98.399
100_0003_0097.JPG 143.67137243 -38.74970160 97.609
100_0003_0098.JPG 143.67122681 -38.74945454 98.179
100_0003_0099.JPG 143.67108022 -38.74921452 98.624
100_0003_0100.JPG 143.67093302 -38.74897428 98.942
100_0003_0101.JPG 143.67078622 -38.74873370 99.051
100_0003_0102.JPG 143.67068543 -38.74856222 99.091
100_0003_0103.JPG 143.67075014 -38.74828683 98.531
100_0003_0104.JPG 143.67083197 -38.74802015 98.916
100_0003_0105.JPG 143.67086451 -38.74793013 99.360
100_0003_0106.JPG 143.67102357 -38.74819605 98.311
100_0003_0107.JPG 143.67117351 -38.74843734 98.658
100_0003_0108.JPG 143.67131998 -38.74867704 98.470
100_0003_0109.JPG 143.67146745 -38.74892128 98.339
100_0003_0110.JPG 143.67161479 -38.74916254 98.326
100_0003_0111.JPG 143.67171995 -38.74932517 98.293
100_0003_0112.JPG 143.67179949 -38.74904322 97.682
100_0003_0113.JPG 143.67187942 -38.74878025 98.499
100_0003_0114.JPG 143.67190171 -38.74868863 98.958
100_0003_0115.JPG 143.67173445 -38.74843455 97.942
100_0003_0116.JPG 143.67158957 -38.74819177 98.022
100_0003_0117.JPG 143.67144293 -38.74795139 98.280
100_0003_0118.JPG 143.67129478 -38.74771008 98.484
100_0003_0119.JPG 143.67114754 -38.74746773 98.806
100_0003_0120.JPG 143.67111551 -38.74740561 98.925
100_0003_0121.JPG 143.67125559 -38.74714510 97.956
100_0003_0122.JPG 143.67139885 -38.74693843 98.563
100_0003_0123.JPG 143.67155907 -38.74720368 97.769
100_0003_0124.JPG 143.67170634 -38.74744444 97.996
100_0003_0125.JPG 143.67185489 -38.74768605 98.361
100_0003_0126.JPG 143.67200067 -38.74792549 98.449
100_0003_0127.JPG 143.67208557 -38.74805409 98.357
100_0003_0128.JPG 143.67214495 -38.74786797 97.685
100_0003_0129.JPG 143.67230720 -38.74762689 97.722
100_0003_0130.JPG 143.67235604 -38.74755985 98.006
100_0003_0131.JPG 143.67219065 -38.74730489 97.286
100_0003_0132.JPG 143.67204381 -38.74706088 97.493
100_0003_0133.JPG 143.67189517 -38.74682191 97.916
100_0003_0134.JPG 143.67174860 -38.74658227 98.303
100_0003_0135.JPG 143.67170464 -38.74649880 98.451
100_0003_0136.JPG 143.67187113 -38.74624538 97.744
100_0003_0137.JPG 143.67201396 -38.74607710 98.306
100_0003_0138.JPG 143.67217703 -38.74634317 97.719
100_0003_0139.JPG 143.67232402 -38.74658207 98.193
100_0003_0140.JPG 143.67246988 -38.74682343 98.207
100_0003_0141.JPG 143.67261861 -38.74706443 98.073
100_0003_0142.JPG 143.67265762 -38.74712148 98.010
100_0003_0143.JPG 143.67282596 -38.74686924 97.268
100_0003_0144.JPG 143.67287285 -38.74680795 97.479
100_0003_0145.JPG 143.67296149 -38.74668532 97.993
100_0003_0146.JPG 143.67279388 -38.74643258 97.511
100_0003_0147.JPG 143.67265132 -38.74618681 97.721
100_0003_0148.JPG 143.67250515 -38.74594559 98.031
100_0003_0149.JPG 143.67235617 -38.74570000 98.699
100_0003_0150.JPG 143.67232060 -38.74563257 98.983
100_0003_0151.JPG 143.67249060 -38.74537884 98.036
100_0003_0152.JPG 143.67262841 -38.74521130 98.405
100_0003_0153.JPG 143.67279077 -38.74547785 97.505
100_0003_0154.JPG 143.67293631 -38.74571801 97.648
100_0003_0155.JPG 143.67308415 -38.74596171 97.753
100_0003_0156.JPG 143.67323124 -38.74620146 97.958
100_0003_0157.JPG 143.67327334 -38.74626233 97.694
100_0003_0158.JPG 143.67344541 -38.74601260 97.316
100_0003_0159.JPG 143.67358430 -38.74583536 97.899
100_0003_0160.JPG 143.67341877 -38.74558007 97.066
100_0003_0161.JPG 143.67327426 -38.74533488 97.585
100_0004_0001.JPG 143.67745463 -38.74032721 100.339
100_0004_0002.JPG 143.67707435 -38.74038561 100.047
100_0004_0003.JPG 143.67675022 -38.74043376 99.751
100_0004_0004.JPG 143.67669224 -38.74044751 99.629
100_0004_0005.JPG 143.67646857 -38.74069037 99.199
100_0004_0006.JPG 143.67627046 -38.74090212 99.184
100_0004_0007.JPG 143.67611063 -38.74107849 99.292
100_0004_0008.JPG 143.67647007 -38.74103783 98.828
100_0004_0009.JPG 143.67680819 -38.74098352 99.068
100_0004_0010.JPG 143.67714528 -38.74092983 99.484
100_0004_0011.JPG 143.67748367 -38.74087854 99.492
100_0004_0012.JPG 143.67782269 -38.74082648 99.685
100_0004_0013.JPG 143.67814810 -38.74076860 99.919
100_0004_0014.JPG 143.67815517 -38.74077234 99.909
100_0004_0015.JPG 143.67792894 -38.74101822 99.135
100_0004_0016.JPG 143.67772893 -38.74123380 99.178
100_0004_0017.JPG 143.67755904 -38.74140907 99.373
100_0004_0018.JPG 143.67718605 -38.74146579 99.474
100_0004_0019.JPG 143.67685288 -38.74151582 99.412
100_0004_0020.JPG 143.67651549 -38.74156739 99.443
100_0004_0021.JPG 143.67617796 -38.74161797 99.277
100_0004_0022.JPG 143.67584151 -38.74166935 98.921
100_0004_0023.JPG 143.67552328 -38.74171707 98.987
100_0004_0024.JPG 143.67549500 -38.74172993 99.078
100_0004_0025.JPG 143.67527604 -38.74196749 98.901
100_0004_0026.JPG 143.67507709 -38.74218000 98.918
100_0004_0027.JPG 143.67492003 -38.74235554 99.134
100_0004_0028.JPG 143.67527725 -38.74231071 98.517
100_0004_0029.JPG 143.67561692 -38.74225344 98.876
100_0004_0030.JPG 143.67595666 -38.74220152 99.218
100_0004_0031.JPG 143.67628917 -38.74215015 99.354
100_0004_0032.JPG 143.67662976 -38.74209825 99.407
100_0004_0033.JPG 143.67691350 -38.74205447 99.310
100_0004_0034.JPG 143.67667641 -38.74229113 98.651
100_0004_0035.JPG 143.67646399 -38.74250074 98.853
100_0004_0036.JPG 143.67633786 -38.74262880 98.898
100_0004_0037.JPG 143.67627830 -38.74269989 98.808
100_0004_0038.JPG 143.67590927 -38.74275291 98.676
100_0004_0039.JPG 143.67557684 -38.74280267 98.850
100_0004_0040.JPG 143.67523799 -38.74285452 98.954
100_0004_0041.JPG 143.67489925 -38.74290652 98.901
100_0004_0042.JPG 143.67456511 -38.74295783 98.898
100_0004_0043.JPG 143.67427988 -38.74300519 98.944
100_0004_0044.JPG 143.67406198 -38.74324983 98.890
100_0004_0045.JPG 143.67386680 -38.74346355 99.043
100_0004_0046.JPG 143.67372215 -38.74362990 99.026
100_0004_0047.JPG 143.67407759 -38.74357892 98.495
100_0004_0048.JPG 143.67442075 -38.74352991 98.812
100_0004_0049.JPG 143.67475848 -38.74348114 98.961
100_0004_0050.JPG 143.67509963 -38.74342334 99.421
100_0004_0051.JPG 143.67543581 -38.74337423 99.664
100_0004_0052.JPG 143.67577218 -38.74332104 99.747
100_0004_0053.JPG 143.67580570 -38.74332078 99.734
100_0004_0054.JPG 143.67560476 -38.74357692 99.171
100_0004_0055.JPG 143.67542501 -38.74380482 99.160
100_0004_0056.JPG 143.67531118 -38.74394002 99.140
100_0004_0057.JPG 143.67493878 -38.74399812 99.069
100_0004_0058.JPG 143.67460690 -38.74404898 99.011
100_0004_0059.JPG 143.67426864 -38.74410071 99.223
100_0004_0060.JPG 143.67393236 -38.74415204 99.389
100_0004_0061.JPG 143.67359304 -38.74420249 99.390
100_0004_0062.JPG 143.67328123 -38.74424658 99.429
100_0004_0063.JPG 143.67326040 -38.74426446 99.432
100_0004_0064.JPG 143.67308217 -38.74451171 99.163
100_0004_0065.JPG 143.67291469 -38.74474387 99.547
100_0004_0066.JPG 143.67283532 -38.74485967 99.554
100_0004_0067.JPG 143.67319379 -38.74481180 98.748
100_0004_0068.JPG 143.67353685 -38.74475800 99.155
100_0004_0069.JPG 143.67387843 -38.74470474 99.406
100_0004_0070.JPG 143.67421190 -38.74465394 99.411
100_0004_0071.JPG 143.67455069 -38.74459854 99.374
100_0004_0072.JPG 143.67484032 -38.74455883 99.520
100_0004_0073.JPG 143.67463517 -38.74481917 98.969
100_0004_0074.JPG 143.67445654 -38.74504584 98.971
100_0004_0075.JPG 143.67434311 -38.74518113 99.088
100_0004_0076.JPG 143.67397048 -38.74523978 98.980
100_0004_0077.JPG 143.67363918 -38.74529144 98.778
100_0004_0078.JPG 143.67353035 -38.74530399 98.730
100_0004_0079.JPG 143.67318682 -38.74519137 98.672
100_0004_0080.JPG 143.67308824 -38.74515215 98.624
100_0004_0081.JPG 143.67299394 -38.74487598 98.520
100_0004_0082.JPG 143.67297121 -38.74466367 99.251
100_0004_0083.JPG 143.67312406 -38.74441414 98.723
100_0004_0084.JPG 143.67330159 -38.74418168 99.187
100_0004_0085.JPG 143.67348210 -38.74395866 100.214
100_0004_0086.JPG 143.67349114 -38.74395747 100.315
100_0004_0087.JPG 143.67356204 -38.74425086 99.546
100_0004_0088.JPG 143.67362899 -38.74451281 99.651
100_0004_0089.JPG 143.67369527 -38.74477672 99.628
100_0004_0090.JPG 143.67376088 -38.74503960 99.700
100_0004_0091.JPG 143.67382596 -38.74529994 99.656
100_0004_0092.JPG 143.67385725 -38.74540347 99.443
100_0004_0093.JPG 143.67413709 -38.74522589 98.792
100_0004_0094.JPG 143.67441496 -38.74505905 99.361
100_0004_0095.JPG 143.67446241 -38.74502583 99.526
100_0004_0096.JPG 143.67437381 -38.74475111 98.424
100_0004_0097.JPG 143.67432075 -38.74447929 98.544
100_0004_0098.JPG 143.67425493 -38.74421577 99.044
100_0004_0099.JPG 143.67418979 -38.74395456 99.377
100_0004_0100.JPG 143.67412323 -38.74369019 99.929
100_0004_0101.JPG 143.67405693 -38.74342739 100.309
100_0004_0102.JPG 143.67402389 -38.74327283 100.473
100_0004_0103.JPG 143.67422981 -38.74304328 98.858
100_0004_0104.JPG 143.67444678 -38.74282815 99.251
100_0004_0105.JPG 143.67458121 -38.74271093 99.999
100_0004_0106.JPG 143.67465124 -38.74300403 99.158
100_0004_0107.JPG 143.67471775 -38.74326605 99.260
100_0004_0108.JPG 143.67478364 -38.74352771 99.265
100_0004_0109.JPG 143.67484839 -38.74379183 99.345
100_0004_0110.JPG 143.67491277 -38.74405474 99.409
100_0004_0111.JPG 143.67497829 -38.74431106 99.651
100_0004_0112.JPG 143.67499064 -38.74435038 99.351
100_0004_0113.JPG 143.67517645 -38.74410450 98.654
100_0004_0114.JPG 143.67536542 -38.74387415 99.140
100_0004_0115.JPG 143.67552661 -38.74366947 99.452
100_0004_0116.JPG 143.67543168 -38.74339888 98.454
100_0004_0117.JPG 143.67538252 -38.74312313 98.575
100_0004_0118.JPG 143.67531846 -38.74285924 99.471
100_0004_0119.JPG 143.67525157 -38.74259847 100.041
100_0004_0120.JPG 143.67518716 -38.74233422 100.386
100_0004_0121.JPG 143.67513782 -38.74211883 100.316
100_0004_0122.JPG 143.67534279 -38.74188979 98.782
100_0004_0123.JPG 143.67555103 -38.74167001 99.164
100_0004_0124.JPG 143.67569127 -38.74154054 99.748
100_0004_0125.JPG 143.67576066 -38.74183073 99.218
100_0004_0126.JPG 143.67582748 -38.74209184 99.384
100_0004_0127.JPG 143.67589278 -38.74235633 99.361
100_0004_0128.JPG 143.67595755 -38.74262096 99.346
100_0004_0129.JPG 143.67602350 -38.74288478 99.332
100_0004_0130.JPG 143.67605454 -38.74299292 99.216
100_0004_0131.JPG 143.67623559 -38.74274475 98.454
100_0004_0132.JPG 143.67636967 -38.74258849 98.889
100_0004_0133.JPG 143.67658993 -38.74238510 99.674
100_0004_0134.JPG 143.67660232 -38.74236394 99.785
100_0004_0135.JPG 143.67651045 -38.74209153 98.988
100_0004_0136.JPG 143.67645893 -38.74181811 99.266
100_0004_0137.JPG 143.67639322 -38.74155482 99.720
100_0004_0138.JPG 143.67632753 -38.74129338 100.045
100_0004_0139.JPG 143.67626230 -38.74103239 100.235
100_0004_0140.JPG 143.67624428 -38.74093830 100.290
100_0004_0141.JPG 143.67644623 -38.74070524 99.013
100_0004_0142.JPG 143.67665869 -38.74048709 99.189
100_0004_0143.JPG 143.67679654 -38.74035797 99.446
100_0004_0144.JPG 143.67686520 -38.74064946 98.369
100_0004_0145.JPG 143.67693061 -38.74091387 98.761
100_0004_0146.JPG 143.67699545 -38.74117559 98.981
100_0004_0147.JPG 143.67706103 -38.74143944 99.262
100_0004_0148.JPG 143.67712588 -38.74170053 99.527
100_0004_0149.JPG 143.67715877 -38.74180814 99.255
100_0004_0150.JPG 143.67738034 -38.74158028 98.466
100_0004_0151.JPG 143.67759712 -38.74136858 98.988
100_0004_0152.JPG 143.67772150 -38.74124896 99.575
100_0004_0153.JPG 143.67763400 -38.74097277 98.284
100_0004_0154.JPG 143.67757905 -38.74070281 98.505
100_0004_0155.JPG 143.67751455 -38.74044074 99.187
100_0005_0001.JPG 143.68287071 -38.73600686 100.532
100_0005_0002.JPG 143.68325418 -38.73603850 100.380
100_0005_0003.JPG 143.68359166 -38.73606750 100.150
100_0005_0004.JPG 143.68367049 -38.73607931 100.100
100_0005_0005.JPG 143.68389572 -38.73631467 100.121
100_0005_0006.JPG 143.68410054 -38.73652870 100.022
100_0005_0007.JPG 143.68421673 -38.73665852 99.963
100_0005_0008.JPG 143.68384195 -38.73662842 99.325
100_0005_0009.JPG 143.68349700 -38.73659696 99.535
100_0005_0010.JPG 143.68315896 -38.73656908 99.581
100_0005_0011.JPG 143.68281620 -38.73653942 99.554
100_0005_0012.JPG 143.68247686 -38.73651060 99.746
100_0005_0013.JPG 143.68220880 -38.73649031 100.217
100_0005_0014.JPG 143.68193897 -38.73669443 99.172
100_0005_0015.JPG 143.68168044 -38.73688030 99.143
100_0005_0016.JPG 143.68156541 -38.73697285 99.516
100_0005_0017.JPG 143.68194363 -38.73700634 99.338
100_0005_0018.JPG 143.68228497 -38.73703606 99.205
100_0005_0019.JPG 143.68262530 -38.73706574 99.216
100_0005_0020.JPG 143.68296973 -38.73709517 99.311
100_0005_0021.JPG 143.68331314 -38.73712514 99.312
100_0005_0022.JPG 143.68361880 -38.73715114 99.335
100_0005_0023.JPG 143.68360974 -38.73716134 99.302
100_0005_0024.JPG 143.68332927 -38.73735438 99.133
100_0005_0025.JPG 143.68307016 -38.73752850 99.254
100_0005_0026.JPG 143.68290611 -38.73763259 99.250
100_0005_0027.JPG 143.68253486 -38.73759981 98.653
100_0005_0028.JPG 143.68219042 -38.73757057 98.521
100_0005_0029.JPG 143.68185131 -38.73754118 98.812
100_0005_0030.JPG 143.68150778 -38.73751198 99.110
100_0005_0031.JPG 143.68116849 -38.73748247 99.291
100_0005_0032.JPG 143.68088873 -38.73746106 99.911
100_0005_0033.JPG 143.68061729 -38.73766431 99.127
100_0005_0034.JPG 143.68036366 -38.73784776 99.239
100_0005_0035.JPG 143.68024657 -38.73794027 99.535
100_0005_0036.JPG 143.68062231 -38.73797480 99.360
100_0005_0037.JPG 143.68096358 -38.73800301 99.273
100_0005_0038.JPG 143.68130605 -38.73803249 99.159
100_0005_0039.JPG 143.68164716 -38.73806218 99.044
100_0005_0040.JPG 143.68198973 -38.73809107 99.202
100_0005_0041.JPG 143.68219435 -38.73811274 99.333
100_0005_0042.JPG 143.68190615 -38.73831005 98.743
100_0005_0043.JPG 143.68164570 -38.73848513 98.677
100_0005_0044.JPG 143.68148250 -38.73858930 99.076
100_0005_0045.JPG 143.68110926 -38.73855784 98.740
100_0005_0046.JPG 143.68076597 -38.73852667 98.689
100_0005_0047.JPG 143.68042257 -38.73849725 98.876
100_0005_0048.JPG 143.68008328 -38.73846800 99.086
100_0005_0049.JPG 143.67974076 -38.73843807 99.150
100_0005_0050.JPG 143.67956982 -38.73842728 99.362
100_0005_0051.JPG 143.67929819 -38.73863054 98.724
100_0005_0052.JPG 143.67904533 -38.73881484 98.618
100_0005_0053.JPG 143.67892847 -38.73890766 98.431
100_0005_0054.JPG 143.67930480 -38.73894225 98.401
100_0005_0055.JPG 143.67964684 -38.73897212 98.555
100_0005_0056.JPG 143.67999038 -38.73900242 98.614
100_0005_0057.JPG 143.68033178 -38.73903150 98.957
100_0005_0058.JPG 143.68067052 -38.73906050 99.074
100_0005_0059.JPG 143.68077344 -38.73907293 99.125
100_0005_0060.JPG 143.68048795 -38.73926879 98.521
100_0005_0061.JPG 143.68022728 -38.73944440 98.412
100_0005_0062.JPG 143.68006350 -38.73954794 98.452
100_0005_0063.JPG 143.67969014 -38.73951481 97.952
100_0005_0064.JPG 143.67934598 -38.73948416 98.121
100_0005_0065.JPG 143.67900762 -38.73945498 98.135
100_0005_0066.JPG 143.67866482 -38.73942628 98.283
100_0005_0067.JPG 143.67832920 -38.73939575 98.512
100_0005_0068.JPG 143.67825647 -38.73939292 98.753
100_0005_0069.JPG 143.67798156 -38.73959642 98.275
100_0005_0070.JPG 143.67772968 -38.73977980 98.435
100_0005_0071.JPG 143.67761219 -38.73987247 98.923
100_0005_0072.JPG 143.67798994 -38.73990629 98.566
100_0005_0073.JPG 143.67833192 -38.73993499 98.585
100_0005_0074.JPG 143.67867287 -38.73996430 98.645
100_0005_0075.JPG 143.67901588 -38.73999368 98.850
100_0005_0076.JPG 143.67933577 -38.74002042 98.922
100_0005_0077.JPG 143.67935168 -38.74002615 98.742
100_0005_0078.JPG 143.67906737 -38.74022254 98.243
100_0005_0079.JPG 143.67880585 -38.74039984 98.225
100_0005_0080.JPG 143.67864267 -38.74050329 98.309
100_0005_0081.JPG 143.67826967 -38.74047235 97.573
100_0005_0082.JPG 143.67795507 -38.74044336 97.968
100_0005_0083.JPG 143.67792727 -38.74041480 98.083
100_0005_0084.JPG 143.67775139 -38.74025468 98.234
100_0005_0085.JPG 143.67779371 -38.73996649 97.815
100_0005_0086.JPG 143.67783324 -38.73971230 98.356
100_0005_0087.JPG 143.67785378 -38.73969081 98.399
100_0005_0088.JPG 143.67811030 -38.73950032 97.777
100_0005_0089.JPG 143.67836384 -38.73931604 98.079
100_0005_0090.JPG 143.67859534 -38.73914754 98.393
100_0005_0091.JPG 143.67860322 -38.73914784 98.330
100_0005_0092.JPG 143.67856296 -38.73944169 98.220
100_0005_0093.JPG 143.67852439 -38.73971117 98.338
100_0005_0094.JPG 143.67848847 -38.73997545 98.484
100_0005_0095.JPG 143.67845075 -38.74024113 98.616
100_0005_0096.JPG 143.67841306 -38.74050635 98.719
100_0005_0097.JPG 143.67839407 -38.74067274 98.629
100_0005_0098.JPG 143.67868246 -38.74048260 97.965
100_0005_0099.JPG 143.67894721 -38.74030551 98.232
100_0005_0100.JPG 143.67915770 -38.74015929 98.275
100_0005_0101.JPG 143.67919621 -38.73986900 97.733
100_0005_0102.JPG 143.67923454 -38.73960279 98.002
100_0005_0103.JPG 143.67927333 -38.73933498 98.144
100_0005_0104.JPG 143.67931047 -38.73907095 98.313
100_0005_0105.JPG 143.67934770 -38.73880352 98.180
100_0005_0106.JPG 143.67938707 -38.73856743 98.319
100_0005_0107.JPG 143.67966086 -38.73836669 97.782
100_0005_0108.JPG 143.67991229 -38.73818081 97.726
100_0005_0109.JPG 143.68014237 -38.73801265 98.076
100_0005_0110.JPG 143.68015046 -38.73801264 98.040
100_0005_0111.JPG 143.68010813 -38.73830708 97.813
100_0005_0112.JPG 143.68006915 -38.73857455 97.833
100_0005_0113.JPG 143.68003219 -38.73883913 97.748
100_0005_0114.JPG 143.67999313 -38.73910506 97.861
100_0005_0115.JPG 143.67995535 -38.73936964 98.051
100_0005_0116.JPG 143.67991799 -38.73962057 98.288
100_0005_0117.JPG 143.67992110 -38.73963943 98.118
100_0005_0118.JPG 143.68021099 -38.73944807 97.532
100_0005_0119.JPG 143.68047409 -38.73927263 97.512
100_0005_0120.JPG 143.68068435 -38.73912669 97.628
100_0005_0121.JPG 143.68072449 -38.73883611 97.127
100_0005_0122.JPG 143.68076471 -38.73856817 97.380
100_0005_0123.JPG 143.68080194 -38.73830586 97.221
100_0005_0124.JPG 143.68083953 -38.73804019 97.535
100_0005_0125.JPG 143.68087810 -38.73777169 97.718
100_0005_0126.JPG 143.68091516 -38.73750947 97.808
100_0005_0127.JPG 143.68093011 -38.73743365 97.710
100_0005_0128.JPG 143.68120335 -38.73723712 96.982
100_0005_0129.JPG 143.68145739 -38.73704897 97.010
100_0005_0130.JPG 143.68168749 -38.73688035 97.283
100_0005_0131.JPG 143.68169616 -38.73688039 97.294
100_0005_0132.JPG 143.68165596 -38.73717549 97.249
100_0005_0133.JPG 143.68161783 -38.73744068 97.256
100_0005_0134.JPG 143.68158012 -38.73770657 97.267
100_0005_0135.JPG 143.68154219 -38.73797254 97.217
100_0005_0136.JPG 143.68150336 -38.73823805 97.219
100_0005_0137.JPG 143.68146538 -38.73850282 97.141
100_0005_0138.JPG 143.68145481 -38.73861040 97.028
100_0005_0139.JPG 143.68174200 -38.73841848 96.661
100_0005_0140.JPG 143.68200556 -38.73824268 96.823
100_0005_0141.JPG 143.68221686 -38.73809561 96.801
100_0005_0142.JPG 143.68225569 -38.73780596 96.180
100_0005_0143.JPG 143.68229307 -38.73753763 96.358
100_0005_0144.JPG 143.68233048 -38.73727216 96.475
100_0005_0145.JPG 143.68236979 -38.73700577 96.724
100_0005_0146.JPG 143.68240749 -38.73673808 96.961
100_0005_0147.JPG 143.68244561 -38.73647476 96.918
100_0005_0148.JPG 143.68247477 -38.73629750 97.131
100_0005_0149.JPG 143.68274491 -38.73609923 96.318
100_0005_0150.JPG 143.68300022 -38.73591207 96.313
100_0005_0151.JPG 143.68322980 -38.73574439 96.674
100_0005_0152.JPG 143.68323819 -38.73574379 96.461
100_0005_0153.JPG 143.68319803 -38.73604137 96.426
100_0005_0154.JPG 143.68315911 -38.73630764 96.850
100_0005_0155.JPG 143.68312401 -38.73657227 96.542
100_0005_0156.JPG 143.68308597 -38.73683831 96.449
100_0005_0157.JPG 143.68304720 -38.73710687 96.483
100_0005_0158.JPG 143.68300871 -38.73737181 96.457
100_0005_0159.JPG 143.68298362 -38.73758045 96.139
100_0005_0160.JPG 143.68327323 -38.73738844 95.726
100_0005_0161.JPG 143.68353782 -38.73721424 96.164
100_0005_0162.JPG 143.68374862 -38.73706660 96.425
100_0005_0163.JPG 143.68378690 -38.73677778 95.715
100_0005_0164.JPG 143.68382642 -38.73650812 95.746
100_0006_0001.JPG 143.68394925 -38.73637456 99.788
100_0006_0002.JPG 143.68428701 -38.73648947 99.613
100_0006_0003.JPG 143.68461677 -38.73658197 100.103
100_0006_0004.JPG 143.68467860 -38.73659629 100.354
100_0006_0005.JPG 143.68498486 -38.73644117 99.170
100_0006_0006.JPG 143.68528822 -38.73630039 99.608
100_0006_0007.JPG 143.68540646 -38.73624176 100.305
100_0006_0008.JPG 143.68504446 -38.73613448 99.433
100_0006_0009.JPG 143.68472639 -38.73604065 99.604
100_0006_0010.JPG 143.68440501 -38.73594610 99.966
100_0006_0011.JPG 143.68408215 -38.73585056 100.033
100_0006_0012.JPG 143.68376367 -38.73575727 100.101
100_0006_0013.JPG 143.68344643 -38.73566201 100.127
100_0006_0014.JPG 143.68335938 -38.73563222 100.357
100_0006_0015.JPG 143.68366833 -38.73547729 99.517
100_0006_0016.JPG 143.68396325 -38.73533849 99.866
100_0006_0017.JPG 143.68410559 -38.73528015 100.259
100_0006_0018.JPG 143.68443988 -38.73538887 98.797
100_0006_0019.JPG 143.68477013 -38.73548082 98.868
100_0006_0020.JPG 143.68509444 -38.73557533 99.454
100_0006_0021.JPG 143.68541188 -38.73566910 99.688
100_0006_0022.JPG 143.68573391 -38.73576395 99.640
100_0006_0023.JPG 143.68605769 -38.73585820 100.165
100_0006_0024.JPG 143.68616448 -38.73588536 100.462
100_0006_0025.JPG 143.68647103 -38.73573147 99.022
100_0006_0026.JPG 143.68677291 -38.73559109 99.286
100_0006_0027.JPG 143.68688831 -38.73553163 99.676
100_0006_0028.JPG 143.68653038 -38.73542432 99.198
100_0006_0029.JPG 143.68621194 -38.73532970 99.705
100_0006_0030.JPG 143.68589362 -38.73523559 100.021
100_0006_0031.JPG 143.68556997 -38.73514008 99.877
100_0006_0032.JPG 143.68525187 -38.73504643 99.908
100_0006_0033.JPG 143.68493511 -38.73495222 99.785
100_0006_0034.JPG 143.68484994 -38.73492289 99.769
100_0006_0035.JPG 143.68516419 -38.73477117 98.913
100_0006_0036.JPG 143.68546919 -38.73463361 99.316
100_0006_0037.JPG 143.68561287 -38.73457583 99.923
100_0006_0038.JPG 143.68595494 -38.73468165 98.773
100_0006_0039.JPG 143.68628178 -38.73477478 98.877
100_0006_0040.JPG 143.68660370 -38.73487014 99.234
100_0006_0041.JPG 143.68692093 -38.73496532 99.514
100_0006_0042.JPG 143.68724212 -38.73506121 99.245
100_0006_0043.JPG 143.68756040 -38.73515604 99.113
100_0006_0044.JPG 143.68775317 -38.73520660 99.399
100_0006_0045.JPG 143.68808934 -38.73509998 98.390
100_0006_0046.JPG 143.68841556 -38.73499795 98.503
100_0006_0047.JPG 143.68867962 -38.73491053 99.558
100_0006_0048.JPG 143.68832256 -38.73480451 99.006
100_0006_0049.JPG 143.68800533 -38.73471037 99.361
100_0006_0050.JPG 143.68768208 -38.73461456 99.646
100_0006_0051.JPG 143.68736222 -38.73452002 99.841
100_0006_0052.JPG 143.68704029 -38.73442464 99.871
100_0006_0053.JPG 143.68672091 -38.73433132 99.832
100_0006_0054.JPG 143.68641417 -38.73424038 100.002
100_0006_0055.JPG 143.68638910 -38.73422882 100.032
100_0006_0056.JPG 143.68672808 -38.73411398 99.231
100_0006_0057.JPG 143.68704715 -38.73400789 99.242
100_0006_0058.JPG 143.68730844 -38.73392903 99.837
100_0006_0059.JPG 143.68764587 -38.73403706 98.606
100_0006_0060.JPG 143.68797272 -38.73412953 98.916
100_0006_0061.JPG 143.68829624 -38.73422334 99.502
100_0006_0062.JPG 143.68861480 -38.73431693 100.109
100_0006_0063.JPG 143.68893408 -38.73441192 99.963
100_0006_0064.JPG 143.68925678 -38.73450723 100.025
100_0006_0065.JPG 143.68957624 -38.73460213 100.132
100_0006_0066.JPG 143.68969083 -38.73463073 100.031
100_0006_0067.JPG 143.69003387 -38.73455017 98.735
100_0006_0068.JPG 143.69037321 -38.73447210 98.883
100_0006_0069.JPG 143.69070187 -38.73439643 99.574
100_0006_0070.JPG 143.69076240 -38.73437890 99.667
100_0006_0071.JPG 143.69040858 -38.73427520 99.038
100_0006_0072.JPG 143.69008664 -38.73418011 99.321
100_0006_0073.JPG 143.68976787 -38.73408507 99.494
100_0006_0074.JPG 143.68944644 -38.73398917 99.626
100_0006_0075.JPG 143.68912518 -38.73389506 99.564
100_0006_0076.JPG 143.68880556 -38.73380064 99.509
100_0006_0077.JPG 143.68848232 -38.73370547 99.590
100_0006_0078.JPG 143.68824029 -38.73363015 99.635
100_0006_0079.JPG 143.68858415 -38.73353081 98.843
100_0006_0080.JPG 143.68891568 -38.73343459 98.998
100_0006_0081.JPG 143.68922163 -38.73335009 99.705
100_0006_0082.JPG 143.68925745 -38.73336201 99.646
100_0006_0083.JPG 143.68956703 -38.73346009 98.579
100_0006_0084.JPG 143.68989868 -38.73355252 98.493
100_0006_0085.JPG 143.69022008 -38.73364636 98.983
100_0006_0086.JPG 143.69053965 -38.73374109 99.422
100_0006_0087.JPG 143.69086142 -38.73383647 99.839
100_0006_0088.JPG 143.69117511 -38.73392933 100.170
100_0006_0089.JPG 143.69122567 -38.73393972 100.016
100_0006_0090.JPG 143.69116633 -38.73365060 98.752
100_0006_0091.JPG 143.69112291 -38.73338341 99.322
100_0006_0092.JPG 143.69110506 -38.73333326 99.492
100_0006_0093.JPG 143.69076017 -38.73323038 98.806
100_0006_0094.JPG 143.69069400 -38.73321503 98.835
100_0006_0095.JPG 143.69090491 -38.73345783 98.682
100_0006_0096.JPG 143.69111081 -38.73367783 99.254
100_0006_0097.JPG 143.69119409 -38.73377588 99.318
100_0006_0098.JPG 143.69105769 -38.73405386 98.691
100_0006_0099.JPG 143.69094090 -38.73429618 98.912
100_0006_0100.JPG 143.69090661 -38.73435281 98.883
100_0006_0101.JPG 143.69054421 -38.73443514 98.729
100_0006_0102.JPG 143.69021886 -38.73450959 98.937
100_0006_0103.JPG 143.69009257 -38.73453337 99.107
100_0006_0104.JPG 143.69020987 -38.73426155 98.056
100_0006_0105.JPG 143.69034300 -38.73400451 98.374
100_0006_0106.JPG 143.69046466 -38.73375462 99.134
100_0006_0107.JPG 143.69058675 -38.73350263 99.701
100_0006_0108.JPG 143.69070873 -38.73325655 100.606
100_0006_0109.JPG 143.69072618 -38.73320797 100.592
100_0006_0110.JPG 143.69034460 -38.73322820 99.385
100_0006_0111.JPG 143.69001777 -38.73324775 99.639
100_0006_0112.JPG 143.68997578 -38.73325605 99.521
100_0006_0113.JPG 143.68983836 -38.73353504 98.864
100_0006_0114.JPG 143.68971768 -38.73378207 98.880
100_0006_0115.JPG 143.68959630 -38.73403152 98.962
100_0006_0116.JPG 143.68947252 -38.73428263 99.156
100_0006_0117.JPG 143.68935183 -38.73453176 99.124
100_0006_0118.JPG 143.68924659 -38.73473913 99.165
100_0006_0119.JPG 143.68889328 -38.73484965 98.732
100_0006_0120.JPG 143.68857897 -38.73494752 98.666
100_0006_0121.JPG 143.68839238 -38.73500109 98.952
100_0006_0122.JPG 143.68851165 -38.73472860 98.447
100_0006_0123.JPG 143.68864247 -38.73447395 98.696
100_0006_0124.JPG 143.68876782 -38.73422049 99.476
100_0006_0125.JPG 143.68888787 -38.73397268 99.484
100_0006_0126.JPG 143.68901010 -38.73372077 99.792
100_0006_0127.JPG 143.68913004 -38.73347305 99.919
100_0006_0128.JPG 143.68918020 -38.73336489 100.065
100_0006_0129.JPG 143.68881999 -38.73346432 99.362
100_0006_0130.JPG 143.68849857 -38.73355343 99.444
100_0006_0131.JPG 143.68833363 -38.73360456 99.349
100_0006_0132.JPG 143.68819875 -38.73388278 98.474
100_0006_0133.JPG 143.68807744 -38.73413258 98.570
100_0006_0134.JPG 143.68795534 -38.73438395 98.689
100_0006_0135.JPG 143.68783426 -38.73463276 98.756
100_0006_0136.JPG 143.68771184 -38.73488517 98.860
100_0006_0137.JPG 143.68758967 -38.73513436 99.013
100_0006_0138.JPG 143.68751256 -38.73528005 99.039
100_0006_0139.JPG 143.68724398 -38.73536556 98.713
100_0006_0140.JPG 143.68694180 -38.73551433 98.456
100_0006_0141.JPG 143.68665745 -38.73564931 98.804
100_0006_0142.JPG 143.68659418 -38.73567438 98.902
100_0006_0143.JPG 143.68671328 -38.73539838 98.164
100_0006_0144.JPG 143.68684623 -38.73514481 98.569
100_0006_0145.JPG 143.68696944 -38.73489347 99.815
100_0006_0146.JPG 143.68708925 -38.73464373 99.705
100_0006_0147.JPG 143.68720985 -38.73439390 99.575
100_0006_0148.JPG 143.68733321 -38.73414403 99.737
100_0006_0149.JPG 143.68745306 -38.73390060 100.094
100_0006_0150.JPG 143.68745960 -38.73387711 100.141
100_0006_0151.JPG 143.68710434 -38.73399040 99.428
100_0006_0152.JPG 143.68679210 -38.73409220 99.725
100_0006_0153.JPG 143.68659011 -38.73416371 99.929
100_0006_0154.JPG 143.68645477 -38.73444216 99.349
100_0006_0155.JPG 143.68633250 -38.73468927 99.210
100_0006_0156.JPG 143.68621028 -38.73493743 98.962
100_0006_0157.JPG 143.68608681 -38.73518968 99.153
100_0006_0158.JPG 143.68596716 -38.73543931 99.262
100_0006_0159.JPG 143.68584563 -38.73569154 99.039
100_0006_0160.JPG 143.68572411 -38.73594083 99.207
100_0006_0161.JPG 143.68561992 -38.73614162 98.943
100_0006_0162.JPG 143.68529874 -38.73629375 98.966
100_0006_0163.JPG 143.68500884 -38.73643164 98.996
100_0006_0164.JPG 143.68472394 -38.73656653 99.184
100_0006_0165.JPG 143.68467560 -38.73658489 99.220
100_0006_0166.JPG 143.68479716 -38.73630932 98.169
100_0006_0167.JPG 143.68493002 -38.73605629 98.630
100_0006_0168.JPG 143.68505090 -38.73580640 99.235
100_0006_0169.JPG 143.68517166 -38.73555634 99.383
100_0006_0170.JPG 143.68529366 -38.73530603 99.809
100_0006_0171.JPG 143.68541587 -38.73505543 99.946
100_0006_0172.JPG 143.68553804 -38.73480197 100.132
100_0006_0173.JPG 143.68565835 -38.73456414 100.624
100_0006_0174.JPG 143.68566135 -38.73454722 100.620
100_0006_0175.JPG 143.68533201 -38.73469683 99.907
100_0006_0176.JPG 143.68503705 -38.73483156 99.977
100_0006_0177.JPG 143.68475416 -38.73496240 99.959
100_0006_0178.JPG 143.68471782 -38.73498358 99.919
100_0006_0179.JPG 143.68458568 -38.73525980 99.180
100_0006_0180.JPG 143.68446434 -38.73550845 99.168
100_0006_0181.JPG 143.68434180 -38.73575791 99.292
100_0006_0182.JPG 143.68421898 -38.73600894 99.315
100_0006_0183.JPG 143.68409831 -38.73625756 99.025
100_0006_0184.JPG 143.68400177 -38.73644286 98.846
100_0006_0185.JPG 143.68377958 -38.73620277 98.274
100_0006_0186.JPG 143.68358274 -38.73598398 99.026
100_0006_0187.JPG 143.68352761 -38.73591475 99.330
100_0006_0188.JPG 143.68365782 -38.73564348 98.337
